# This file was generated by Animated Java via MC-Build. It is not recommended to edit this file directly.
$data merge entity $(bone_head) {transformation: [0f,0f,0f,0f,0f,0f,0f,1.5f,0f,0f,0f,0f,0f,0f,0f,1f],start_interpolation: 0,interpolation_duration: 1}
$data merge entity $(bone_body) {transformation: [0f,0f,0f,0f,0f,0f,0f,1.5f,0f,0f,0f,0f,0f,0f,0f,1f],start_interpolation: 0,interpolation_duration: 1}
$data merge entity $(bone_right_arm) {transformation: [0f,0f,0f,0f,0f,0f,0f,1.5f,0f,0f,0f,0f,0f,0f,0f,1f],start_interpolation: 0,interpolation_duration: 1}
$data merge entity $(bone_left_arm) {transformation: [0f,0f,0f,0f,0f,0f,0f,1.5f,0f,0f,0f,0f,0f,0f,0f,1f],start_interpolation: 0,interpolation_duration: 1}
$data merge entity $(bone_right_leg) {transformation: [0f,0f,0f,0f,0f,0f,0f,1.5f,0f,0f,0f,0f,0f,0f,0f,1f],start_interpolation: 0,interpolation_duration: 1}
$data merge entity $(bone_left_leg) {transformation: [0f,0f,0f,0f,0f,0f,0f,1.5f,0f,0f,0f,0f,0f,0f,0f,1f],start_interpolation: 0,interpolation_duration: 1}
$data merge entity $(text_display_text_display) {transformation: [0f,0f,0f,0f,0f,0f,0f,1.5f,0f,0f,0f,0f,0f,0f,0f,1f],start_interpolation: 0,interpolation_duration: 1}
$data merge entity $(bone_bone) {transformation: [0f,0f,0f,-0.375f,0f,0f,0f,2.25f,0f,0f,0f,0f,0f,0f,0f,1f],start_interpolation: 0,interpolation_duration: 1}
$data merge entity $(bone_bone1) {transformation: [1.3737f,0f,-0.06f,-0.4531f,0f,1.375f,0f,0.75f,0.06f,0f,1.3737f,1.2031f,0f,0f,0f,1f],start_interpolation: 0,interpolation_duration: 1}
$data merge entity $(bone_head1) {transformation: [-0.9239f,0.0599f,-0.378f,-0.7631f,0f,0.9877f,0.1564f,1.5f,0.3827f,0.1445f,-0.9125f,-0.2874f,0f,0f,0f,1f],start_interpolation: 0,interpolation_duration: 1}
$data merge entity $(bone_body1) {transformation: [-0.887f,0f,-0.4617f,-0.7631f,0f,1f,0f,1.5f,0.4617f,0f,-0.887f,-0.2874f,0f,0f,0f,1f],start_interpolation: 0,interpolation_duration: 1}
$data merge entity $(bone_right_arm1) {transformation: [-0.2704f,-0.8153f,0.512f,-1.0669f,0.1908f,-0.5667f,-0.8015f,1.125f,0.9436f,-0.119f,0.3088f,-0.0588f,0f,0f,0f,1f],start_interpolation: 0,interpolation_duration: 1}
$data merge entity $(bone_left_arm1) {transformation: [-0.887f,0.0362f,-0.4603f,-0.4859f,0f,0.9969f,0.0785f,1.375f,0.4617f,0.0696f,-0.8843f,-0.4317f,0f,0f,0f,1f],start_interpolation: 0,interpolation_duration: 1}
$data merge entity $(bone_right_leg1) {transformation: [-0.8865f,0.039f,-0.4611f,-0.8685f,0.0349f,0.9992f,0.0174f,0.75f,0.4615f,-0.0006f,-0.8872f,-0.2325f,0f,0f,0f,1f],start_interpolation: 0,interpolation_duration: 1}
$data merge entity $(bone_left_leg1) {transformation: [-0.8865f,-0.0108f,-0.4627f,-0.6578f,-0.0349f,0.9984f,0.0436f,0.75f,0.4615f,0.0548f,-0.8855f,-0.3422f,0f,0f,0f,1f],start_interpolation: 0,interpolation_duration: 1}
$data merge entity $(text_display_text_display1) {transformation: [0.887f,0f,0.4617f,-0.7631f,0f,1f,0f,2.125f,-0.4617f,0f,0.887f,-0.2874f,0f,0f,0f,1f],start_interpolation: 0,interpolation_duration: 1}
$data merge entity $(text_display_text_display2) {transformation: [0.8725f,-0.035f,-0.4873f,1.1955f,0.01f,0.9985f,-0.0536f,2.125f,0.4884f,0.0419f,0.8716f,-0.1796f,0f,0f,0f,1f],start_interpolation: 0,interpolation_duration: 1}
$data merge entity $(bone_head2) {transformation: [-0.866f,-0.0782f,0.4938f,1.1875f,0f,0.9877f,0.1564f,1.5f,-0.5f,0.1355f,-0.8554f,-0.1875f,0f,0f,0f,1f],start_interpolation: 0,interpolation_duration: 1}
$data merge entity $(bone_body2) {transformation: [-0.9063f,0f,0.4226f,1.1875f,0f,1f,0f,1.5f,-0.4226f,0f,-0.9063f,-0.1875f,0f,0f,0f,1f],start_interpolation: 0,interpolation_duration: 1}
$data merge entity $(bone_right_arm2) {transformation: [-0.9063f,0f,0.4226f,0.9043f,0f,1f,0f,1.375f,-0.4226f,0f,-0.9063f,-0.3196f,0f,0f,0f,1f],start_interpolation: 0,interpolation_duration: 1}
$data merge entity $(bone_left_arm2) {transformation: [-0.9063f,-0.0332f,0.4213f,1.4707f,0f,0.9969f,0.0785f,1.375f,-0.4226f,0.0711f,-0.9035f,-0.0554f,0f,0f,0f,1f],start_interpolation: 0,interpolation_duration: 1}
$data merge entity $(bone_right_leg2) {transformation: [-0.9058f,0.0058f,0.4238f,1.0799f,0.0349f,0.9975f,0.061f,0.75f,-0.4224f,0.0701f,-0.9037f,-0.2377f,0f,0f,0f,1f],start_interpolation: 0,interpolation_duration: 1}
$data merge entity $(bone_left_leg2) {transformation: [-0.9058f,-0.0132f,0.4236f,1.2951f,-0.0349f,0.9984f,-0.0436f,0.75f,-0.4224f,-0.0543f,-0.9048f,-0.1373f,0f,0f,0f,1f],start_interpolation: 0,interpolation_duration: 1}
$data merge entity $(bone_bone3) {transformation: [-1.125f,0f,0f,0.9313f,0f,0.7755f,0.1367f,0.625f,0f,0.1367f,-0.7755f,0.7f,0f,0f,0f,1f],start_interpolation: 0,interpolation_duration: 1}
$data merge entity $(text_display_text_display4) {transformation: [0f,0f,0f,1.5625f,0f,0f,0f,1.5f,0f,0f,0f,0f,0f,0f,0f,1f],start_interpolation: 0,interpolation_duration: 1}
$data merge entity $(bone_head3) {transformation: [0f,0f,0f,1.5625f,0f,0f,0f,1.5f,0f,0f,0f,0f,0f,0f,0f,1f],start_interpolation: 0,interpolation_duration: 1}
$data merge entity $(bone_body3) {transformation: [0f,0f,0f,1.5625f,0f,0f,0f,1.5f,0f,0f,0f,0f,0f,0f,0f,1f],start_interpolation: 0,interpolation_duration: 1}
$data merge entity $(bone_right_arm3) {transformation: [0f,0f,0f,1.5625f,0f,0f,0f,1.5f,0f,0f,0f,0f,0f,0f,0f,1f],start_interpolation: 0,interpolation_duration: 1}
$data merge entity $(bone_left_arm3) {transformation: [0f,0f,0f,1.5625f,0f,0f,0f,1.5f,0f,0f,0f,0f,0f,0f,0f,1f],start_interpolation: 0,interpolation_duration: 1}
$data merge entity $(bone_right_leg3) {transformation: [0f,0f,0f,1.5625f,0f,0f,0f,1.5f,0f,0f,0f,0f,0f,0f,0f,1f],start_interpolation: 0,interpolation_duration: 1}
$data merge entity $(bone_left_leg3) {transformation: [0f,0f,0f,1.5625f,0f,0f,0f,1.5f,0f,0f,0f,0f,0f,0f,0f,1f],start_interpolation: 0,interpolation_duration: 1}
$data merge entity $(text_display_text_display3) {transformation: [0f,0f,0f,-0.5f,0f,0f,0f,0.5f,0f,0f,0f,-0.5f,0f,0f,0f,1f],start_interpolation: 0,interpolation_duration: 1}
$data merge entity $(bone_head4) {transformation: [0f,0f,0f,-0.5f,0f,0f,0f,0.5f,0f,0f,0f,-0.5f,0f,0f,0f,1f],start_interpolation: 0,interpolation_duration: 1}
$data merge entity $(bone_body4) {transformation: [0f,0f,0f,-0.5f,0f,0f,0f,0.5f,0f,0f,0f,-0.5f,0f,0f,0f,1f],start_interpolation: 0,interpolation_duration: 1}
$data merge entity $(bone_right_arm4) {transformation: [0f,0f,0f,-0.5f,0f,0f,0f,0.5f,0f,0f,0f,-0.5f,0f,0f,0f,1f],start_interpolation: 0,interpolation_duration: 1}
$data merge entity $(bone_left_arm4) {transformation: [0f,0f,0f,-0.5f,0f,0f,0f,0.5f,0f,0f,0f,-0.5f,0f,0f,0f,1f],start_interpolation: 0,interpolation_duration: 1}
$data merge entity $(bone_right_leg4) {transformation: [0f,0f,0f,-0.5f,0f,0f,0f,0.5f,0f,0f,0f,-0.5f,0f,0f,0f,1f],start_interpolation: 0,interpolation_duration: 1}
$data merge entity $(bone_left_leg4) {transformation: [0f,0f,0f,-0.5f,0f,0f,0f,0.5f,0f,0f,0f,-0.5f,0f,0f,0f,1f],start_interpolation: 0,interpolation_duration: 1}