# This file was generated by Animated Java via MC-Build. It is not recommended to edit this file directly.
$data merge entity $(bone_head1) {transformation: [-0.9239f,0.0534f,-0.3789f,-0.7631f,0f,0.9902f,0.1397f,1.5f,0.3827f,0.129f,-0.9148f,-0.2874f,0f,0f,0f,1f],start_interpolation: 0,interpolation_duration: 1}
$data merge entity $(bone_right_arm1) {transformation: [-0.2704f,-0.8153f,0.512f,-1.0669f,0.1908f,-0.5667f,-0.8015f,1.1367f,0.9436f,-0.119f,0.3088f,-0.0588f,0f,0f,0f,1f],start_interpolation: 0,interpolation_duration: 1}
$data merge entity $(bone_left_arm1) {transformation: [-0.8881f,0.0096f,-0.4596f,-0.4859f,-0.0196f,0.9981f,0.0587f,1.375f,0.4592f,0.0611f,-0.8862f,-0.4317f,0f,0f,0f,1f],start_interpolation: 0,interpolation_duration: 1}
$data merge entity $(bone_head2) {transformation: [-0.866f,-0.0742f,0.4945f,1.1875f,0f,0.9889f,0.1484f,1.5f,-0.5f,0.1285f,-0.8564f,-0.1875f,0f,0f,0f,1f],start_interpolation: 0,interpolation_duration: 1}
$data merge entity $(bone_right_arm2) {transformation: [-0.9046f,0.0553f,0.4226f,0.9043f,0.061f,0.9981f,0f,1.375f,-0.4218f,0.0258f,-0.9063f,-0.3196f,0f,0f,0f,1f],start_interpolation: 0,interpolation_duration: 1}
$data merge entity $(bone_left_arm2) {transformation: [-0.905f,-0.0426f,0.4233f,1.4707f,-0.0196f,0.9981f,0.0587f,1.375f,-0.425f,0.0448f,-0.9041f,-0.0554f,0f,0f,0f,1f],start_interpolation: 0,interpolation_duration: 1}
$data merge entity $(bone_bone3) {transformation: [-1.1229f,0.0473f,0.0083f,0.8729f,0.0687f,0.7741f,0.1365f,0.625f,0f,0.1367f,-0.7755f,0.7f,0f,0f,0f,1f],start_interpolation: 0,interpolation_duration: 1}