# This file was generated by Animated Java via MC-Build. It is not recommended to edit this file directly.
$data merge entity $(bone_head1) {transformation: [-0.9239f,0.053f,-0.379f,-0.7631f,0f,0.9904f,0.1385f,1.5f,0.3827f,0.1279f,-0.915f,-0.2874f,0f,0f,0f,1f],start_interpolation: 0,interpolation_duration: 1}
$data merge entity $(bone_right_arm1) {transformation: [-0.2704f,-0.8153f,0.512f,-1.0669f,0.1908f,-0.5667f,-0.8015f,1.1375f,0.9436f,-0.119f,0.3088f,-0.0588f,0f,0f,0f,1f],start_interpolation: 0,interpolation_duration: 1}
$data merge entity $(bone_left_arm1) {transformation: [-0.8882f,0.0066f,-0.4594f,-0.4859f,-0.0218f,0.9982f,0.0565f,1.375f,0.4589f,0.0602f,-0.8864f,-0.4317f,0f,0f,0f,1f],start_interpolation: 0,interpolation_duration: 1}
$data merge entity $(bone_head2) {transformation: [-0.866f,-0.0739f,0.4945f,1.1875f,0f,0.989f,0.1478f,1.5f,-0.5f,0.128f,-0.8565f,-0.1875f,0f,0f,0f,1f],start_interpolation: 0,interpolation_duration: 1}
$data merge entity $(bone_right_arm2) {transformation: [-0.9044f,0.0593f,0.4226f,0.9043f,0.0654f,0.9979f,0f,1.375f,-0.4217f,0.0276f,-0.9063f,-0.3196f,0f,0f,0f,1f],start_interpolation: 0,interpolation_duration: 1}
$data merge entity $(bone_left_arm2) {transformation: [-0.9048f,-0.0437f,0.4236f,1.4707f,-0.0218f,0.9982f,0.0565f,1.375f,-0.4253f,0.0419f,-0.9041f,-0.0554f,0f,0f,0f,1f],start_interpolation: 0,interpolation_duration: 1}
$data merge entity $(bone_bone3) {transformation: [-1.1226f,0.0507f,0.0089f,0.8688f,0.0736f,0.7739f,0.1365f,0.625f,0f,0.1367f,-0.7755f,0.7f,0f,0f,0f,1f],start_interpolation: 0,interpolation_duration: 1}