# This file was generated by Animated Java via MC-Build. It is not recommended to edit this file directly.
$data merge entity $(bone_head1) {transformation: [-0.9239f,0.0525f,-0.3791f,-0.7631f,0f,0.9905f,0.1373f,1.5f,0.3827f,0.1268f,-0.9151f,-0.2874f,0f,0f,0f,1f],start_interpolation: 0,interpolation_duration: 1}
$data merge entity $(bone_right_arm1) {transformation: [-0.2704f,-0.8153f,0.512f,-1.0669f,0.1908f,-0.5667f,-0.8015f,1.1383f,0.9436f,-0.119f,0.3088f,-0.0588f,0f,0f,0f,1f],start_interpolation: 0,interpolation_duration: 1}
$data merge entity $(bone_left_arm1) {transformation: [-0.8883f,0.0037f,-0.4593f,-0.4859f,-0.0239f,0.9982f,0.0543f,1.375f,0.4587f,0.0592f,-0.8866f,-0.4317f,0f,0f,0f,1f],start_interpolation: 0,interpolation_duration: 1}
$data merge entity $(bone_head2) {transformation: [-0.866f,-0.0736f,0.4946f,1.1875f,0f,0.9891f,0.1472f,1.5f,-0.5f,0.1275f,-0.8566f,-0.1875f,0f,0f,0f,1f],start_interpolation: 0,interpolation_duration: 1}
$data merge entity $(bone_right_arm2) {transformation: [-0.9041f,0.0632f,0.4226f,0.9043f,0.0698f,0.9976f,0f,1.375f,-0.4216f,0.0295f,-0.9063f,-0.3196f,0f,0f,0f,1f],start_interpolation: 0,interpolation_duration: 1}
$data merge entity $(bone_left_arm2) {transformation: [-0.9046f,-0.0447f,0.4238f,1.4707f,-0.0239f,0.9982f,0.0543f,1.375f,-0.4255f,0.039f,-0.9041f,-0.0554f,0f,0f,0f,1f],start_interpolation: 0,interpolation_duration: 1}
$data merge entity $(bone_bone3) {transformation: [-1.1223f,0.0541f,0.0095f,0.8646f,0.0785f,0.7736f,0.1364f,0.625f,0f,0.1367f,-0.7755f,0.7f,0f,0f,0f,1f],start_interpolation: 0,interpolation_duration: 1}