# This file was generated by Animated Java via MC-Build. It is not recommended to edit this file directly.
$data merge entity $(bone_head1) {transformation: [-0.9239f,0.0521f,-0.3791f,-0.7631f,0f,0.9907f,0.1361f,1.5f,0.3827f,0.1257f,-0.9153f,-0.2874f,0f,0f,0f,1f],start_interpolation: 0,interpolation_duration: 1}
$data merge entity $(bone_right_arm1) {transformation: [-0.2704f,-0.8153f,0.512f,-1.0669f,0.1908f,-0.5667f,-0.8015f,1.1392f,0.9436f,-0.119f,0.3088f,-0.0588f,0f,0f,0f,1f],start_interpolation: 0,interpolation_duration: 1}
$data merge entity $(bone_left_arm1) {transformation: [-0.8884f,0.0008f,-0.4591f,-0.4859f,-0.0261f,0.9983f,0.0521f,1.375f,0.4584f,0.0583f,-0.8869f,-0.4317f,0f,0f,0f,1f],start_interpolation: 0,interpolation_duration: 1}
$data merge entity $(bone_head2) {transformation: [-0.866f,-0.0733f,0.4946f,1.1875f,0f,0.9892f,0.1467f,1.5f,-0.5f,0.127f,-0.8567f,-0.1875f,0f,0f,0f,1f],start_interpolation: 0,interpolation_duration: 1}
$data merge entity $(bone_right_arm2) {transformation: [-0.9038f,0.0672f,0.4226f,0.9043f,0.0741f,0.9973f,0f,1.375f,-0.4215f,0.0313f,-0.9063f,-0.3196f,0f,0f,0f,1f],start_interpolation: 0,interpolation_duration: 1}
$data merge entity $(bone_left_arm2) {transformation: [-0.9045f,-0.0458f,0.4241f,1.4707f,-0.0261f,0.9983f,0.0521f,1.375f,-0.4258f,0.0361f,-0.9041f,-0.0554f,0f,0f,0f,1f],start_interpolation: 0,interpolation_duration: 1}
$data merge entity $(bone_bone3) {transformation: [-1.1219f,0.0575f,0.0101f,0.8604f,0.0834f,0.7734f,0.1364f,0.625f,0f,0.1367f,-0.7755f,0.7f,0f,0f,0f,1f],start_interpolation: 0,interpolation_duration: 1}