# This file was generated by Animated Java via MC-Build. It is not recommended to edit this file directly.
$data merge entity $(bone_head1) {transformation: [-0.9239f,0.0516f,-0.3792f,-0.7631f,0f,0.9909f,0.1349f,1.5f,0.3827f,0.1246f,-0.9154f,-0.2874f,0f,0f,0f,1f],start_interpolation: -1,interpolation_duration: 0}
$data merge entity $(bone_right_arm1) {transformation: [-0.2704f,-0.8153f,0.512f,-1.0669f,0.1908f,-0.5667f,-0.8015f,1.14f,0.9436f,-0.119f,0.3088f,-0.0588f,0f,0f,0f,1f],start_interpolation: 0,interpolation_duration: 1}
$data merge entity $(bone_left_arm1) {transformation: [-0.8885f,-0.0021f,-0.4589f,-0.4859f,-0.0282f,0.9984f,0.05f,1.375f,0.4581f,0.0574f,-0.8871f,-0.4317f,0f,0f,0f,1f],start_interpolation: 0,interpolation_duration: 1}
$data merge entity $(bone_head2) {transformation: [-0.866f,-0.073f,0.4946f,1.1875f,0f,0.9893f,0.1461f,1.5f,-0.5f,0.1265f,-0.8567f,-0.1875f,0f,0f,0f,1f],start_interpolation: 0,interpolation_duration: 1}
$data merge entity $(bone_right_arm2) {transformation: [-0.9035f,0.0711f,0.4226f,0.9043f,0.0785f,0.9969f,0f,1.375f,-0.4213f,0.0332f,-0.9063f,-0.3196f,0f,0f,0f,1f],start_interpolation: 0,interpolation_duration: 1}
$data merge entity $(bone_left_arm2) {transformation: [-0.9043f,-0.0468f,0.4244f,1.4707f,-0.0282f,0.9984f,0.05f,1.375f,-0.426f,0.0332f,-0.9041f,-0.0554f,0f,0f,0f,1f],start_interpolation: 0,interpolation_duration: 1}
$data merge entity $(bone_bone3) {transformation: [-1.1215f,0.0608f,0.0107f,0.8562f,0.0883f,0.7731f,0.1363f,0.625f,0f,0.1367f,-0.7755f,0.7f,0f,0f,0f,1f],start_interpolation: 0,interpolation_duration: 1}