# This file was generated by Animated Java via MC-Build. It is not recommended to edit this file directly.
$data merge entity $(bone_head1) {transformation: [-0.9239f,0.0507f,-0.3793f,-0.7631f,0f,0.9912f,0.1324f,1.5f,0.3827f,0.1224f,-0.9157f,-0.2874f,0f,0f,0f,1f],start_interpolation: 0,interpolation_duration: 1}
$data merge entity $(bone_right_arm1) {transformation: [-0.2704f,-0.8153f,0.512f,-1.0669f,0.1908f,-0.5667f,-0.8015f,1.1417f,0.9436f,-0.119f,0.3088f,-0.0588f,0f,0f,0f,1f],start_interpolation: 0,interpolation_duration: 1}
$data merge entity $(bone_left_arm1) {transformation: [-0.8886f,-0.0076f,-0.4586f,-0.4859f,-0.0322f,0.9984f,0.0459f,1.375f,0.4575f,0.0556f,-0.8875f,-0.4317f,0f,0f,0f,1f],start_interpolation: 0,interpolation_duration: 1}
$data merge entity $(bone_head2) {transformation: [-0.866f,-0.0725f,0.4947f,1.1875f,0f,0.9894f,0.1449f,1.5f,-0.5f,0.1255f,-0.8569f,-0.1875f,0f,0f,0f,1f],start_interpolation: 0,interpolation_duration: 1}
$data merge entity $(bone_right_arm2) {transformation: [-0.9029f,0.079f,0.4226f,0.9043f,0.0872f,0.9962f,0f,1.375f,-0.421f,0.0368f,-0.9063f,-0.3196f,0f,0f,0f,1f],start_interpolation: 0,interpolation_duration: 1}
$data merge entity $(bone_left_arm2) {transformation: [-0.9039f,-0.0487f,0.4249f,1.4707f,-0.0322f,0.9984f,0.0459f,1.375f,-0.4265f,0.0278f,-0.9041f,-0.0554f,0f,0f,0f,1f],start_interpolation: 0,interpolation_duration: 1}
$data merge entity $(bone_bone3) {transformation: [-1.1207f,0.0676f,0.0119f,0.8479f,0.0981f,0.7726f,0.1362f,0.625f,0f,0.1367f,-0.7755f,0.7f,0f,0f,0f,1f],start_interpolation: 0,interpolation_duration: 1}