# This file was generated by Animated Java via MC-Build. It is not recommended to edit this file directly.
$data merge entity $(bone_head1) {transformation: [-0.9239f,0.0498f,-0.3794f,-0.7631f,0f,0.9915f,0.13f,1.5f,0.3827f,0.1201f,-0.916f,-0.2874f,0f,0f,0f,1f],start_interpolation: 0,interpolation_duration: 1}
$data merge entity $(bone_right_arm1) {transformation: [-0.2704f,-0.8153f,0.512f,-1.0669f,0.1908f,-0.5667f,-0.8015f,1.1433f,0.9436f,-0.119f,0.3088f,-0.0588f,0f,0f,0f,1f],start_interpolation: 0,interpolation_duration: 1}
$data merge entity $(bone_left_arm1) {transformation: [-0.8887f,-0.0125f,-0.4582f,-0.4859f,-0.0359f,0.9985f,0.0423f,1.375f,0.457f,0.054f,-0.8878f,-0.4317f,0f,0f,0f,1f],start_interpolation: 0,interpolation_duration: 1}
$data merge entity $(bone_head2) {transformation: [-0.866f,-0.0719f,0.4948f,1.1875f,0f,0.9896f,0.1438f,1.5f,-0.5f,0.1245f,-0.857f,-0.1875f,0f,0f,0f,1f],start_interpolation: 0,interpolation_duration: 1}
$data merge entity $(bone_right_arm2) {transformation: [-0.9021f,0.0869f,0.4226f,0.9043f,0.0958f,0.9954f,0f,1.375f,-0.4207f,0.0405f,-0.9063f,-0.3196f,0f,0f,0f,1f],start_interpolation: 0,interpolation_duration: 1}
$data merge entity $(bone_left_arm2) {transformation: [-0.9036f,-0.0505f,0.4254f,1.4707f,-0.0359f,0.9985f,0.0423f,1.375f,-0.4269f,0.0229f,-0.904f,-0.0554f,0f,0f,0f,1f],start_interpolation: 0,interpolation_duration: 1}
$data merge entity $(bone_bone3) {transformation: [-1.1198f,0.0743f,0.0131f,0.8396f,0.1078f,0.772f,0.1361f,0.625f,0f,0.1367f,-0.7755f,0.7f,0f,0f,0f,1f],start_interpolation: 0,interpolation_duration: 1}