# This file was generated by Animated Java via MC-Build. It is not recommended to edit this file directly.
$data merge entity $(bone_head1) {transformation: [-0.9239f,0.0488f,-0.3796f,-0.7631f,0f,0.9918f,0.1276f,1.5f,0.3827f,0.1179f,-0.9163f,-0.2874f,0f,0f,0f,1f],start_interpolation: 0,interpolation_duration: 1}
$data merge entity $(bone_right_arm1) {transformation: [-0.2704f,-0.8153f,0.512f,-1.0669f,0.1908f,-0.5667f,-0.8015f,1.145f,0.9436f,-0.119f,0.3088f,-0.0588f,0f,0f,0f,1f],start_interpolation: 0,interpolation_duration: 1}
$data merge entity $(bone_left_arm1) {transformation: [-0.8888f,-0.0168f,-0.4579f,-0.4859f,-0.039f,0.9985f,0.0391f,1.375f,0.4566f,0.0526f,-0.8881f,-0.4317f,0f,0f,0f,1f],start_interpolation: 0,interpolation_duration: 1}
$data merge entity $(bone_head2) {transformation: [-0.866f,-0.0713f,0.4949f,1.1875f,0f,0.9898f,0.1426f,1.5f,-0.5f,0.1235f,-0.8572f,-0.1875f,0f,0f,0f,1f],start_interpolation: 0,interpolation_duration: 1}
$data merge entity $(bone_right_arm2) {transformation: [-0.9013f,0.0947f,0.4226f,0.9043f,0.1045f,0.9945f,0f,1.375f,-0.4203f,0.0442f,-0.9063f,-0.3196f,0f,0f,0f,1f],start_interpolation: 0,interpolation_duration: 1}
$data merge entity $(bone_left_arm2) {transformation: [-0.9033f,-0.052f,0.4258f,1.4707f,-0.039f,0.9985f,0.0391f,1.375f,-0.4272f,0.0188f,-0.904f,-0.0554f,0f,0f,0f,1f],start_interpolation: 0,interpolation_duration: 1}
$data merge entity $(bone_bone3) {transformation: [-1.1188f,0.0811f,0.0143f,0.8313f,0.1176f,0.7713f,0.136f,0.625f,0f,0.1367f,-0.7755f,0.7f,0f,0f,0f,1f],start_interpolation: 0,interpolation_duration: 1}