# This file was generated by Animated Java via MC-Build. It is not recommended to edit this file directly.
$data merge entity $(bone_head1) {transformation: [-0.9239f,0.0479f,-0.3797f,-0.7631f,0f,0.9921f,0.1252f,1.5f,0.3827f,0.1157f,-0.9166f,-0.2874f,0f,0f,0f,1f],start_interpolation: 0,interpolation_duration: 1}
$data merge entity $(bone_right_arm1) {transformation: [-0.2704f,-0.8153f,0.512f,-1.0669f,0.1908f,-0.5667f,-0.8015f,1.1467f,0.9436f,-0.119f,0.3088f,-0.0588f,0f,0f,0f,1f],start_interpolation: 0,interpolation_duration: 1}
$data merge entity $(bone_left_arm1) {transformation: [-0.8889f,-0.02f,-0.4577f,-0.4859f,-0.0414f,0.9985f,0.0367f,1.375f,0.4562f,0.0516f,-0.8884f,-0.4317f,0f,0f,0f,1f],start_interpolation: 0,interpolation_duration: 1}
$data merge entity $(bone_head2) {transformation: [-0.866f,-0.0707f,0.495f,1.1875f,0f,0.9899f,0.1415f,1.5f,-0.5f,0.1225f,-0.8573f,-0.1875f,0f,0f,0f,1f],start_interpolation: 0,interpolation_duration: 1}
$data merge entity $(bone_right_arm2) {transformation: [-0.9005f,0.1026f,0.4226f,0.9043f,0.1132f,0.9936f,0f,1.375f,-0.4199f,0.0478f,-0.9063f,-0.3196f,0f,0f,0f,1f],start_interpolation: 0,interpolation_duration: 1}
$data merge entity $(bone_left_arm2) {transformation: [-0.9031f,-0.0531f,0.4262f,1.4707f,-0.0414f,0.9985f,0.0367f,1.375f,-0.4275f,0.0155f,-0.9039f,-0.0554f,0f,0f,0f,1f],start_interpolation: 0,interpolation_duration: 1}
$data merge entity $(bone_bone3) {transformation: [-1.1178f,0.0878f,0.0155f,0.8229f,0.1274f,0.7706f,0.1359f,0.625f,0f,0.1367f,-0.7755f,0.7f,0f,0f,0f,1f],start_interpolation: 0,interpolation_duration: 1}