# This file was generated by Animated Java via MC-Build. It is not recommended to edit this file directly.
$data merge entity $(bone_head1) {transformation: [-0.9239f,0.0487f,-0.3797f,-0.7631f,0f,1.0171f,0.124f,1.5f,0.3827f,0.1175f,-0.9167f,-0.2874f,0f,0f,0f,1f],start_interpolation: 0,interpolation_duration: 1}
$data merge entity $(bone_right_arm1) {transformation: [-0.2704f,-0.8153f,0.512f,-1.0669f,0.1908f,-0.5667f,-0.8015f,1.1475f,0.9436f,-0.119f,0.3088f,-0.0588f,0f,0f,0f,1f],start_interpolation: 0,interpolation_duration: 1}
$data merge entity $(bone_left_arm1) {transformation: [-0.8889f,-0.0212f,-0.4576f,-0.4859f,-0.0423f,0.9985f,0.0358f,1.375f,0.4561f,0.0512f,-0.8885f,-0.4317f,0f,0f,0f,1f],start_interpolation: 0,interpolation_duration: 1}
$data merge entity $(bone_head2) {transformation: [-0.866f,-0.0705f,0.495f,1.1875f,0f,0.99f,0.1409f,1.5f,-0.5f,0.122f,-0.8574f,-0.1875f,0f,0f,0f,1f],start_interpolation: 0,interpolation_duration: 1}
$data merge entity $(bone_right_arm2) {transformation: [-0.9f,0.1065f,0.4226f,0.9043f,0.1175f,0.9931f,0f,1.375f,-0.4197f,0.0497f,-0.9063f,-0.3196f,0f,0f,0f,1f],start_interpolation: 0,interpolation_duration: 1}
$data merge entity $(bone_left_arm2) {transformation: [-0.903f,-0.0535f,0.4263f,1.4707f,-0.0423f,0.9985f,0.0358f,1.375f,-0.4276f,0.0143f,-0.9039f,-0.0554f,0f,0f,0f,1f],start_interpolation: 0,interpolation_duration: 1}
$data merge entity $(bone_bone3) {transformation: [-1.1172f,0.0912f,0.0161f,0.8187f,0.1322f,0.7702f,0.1358f,0.625f,0f,0.1367f,-0.7755f,0.7f,0f,0f,0f,1f],start_interpolation: 0,interpolation_duration: 1}