# This file was generated by Animated Java via MC-Build. It is not recommended to edit this file directly.
$data merge entity $(bone_head1) {transformation: [-0.9239f,0.0476f,-0.3798f,-0.7631f,0f,1.0048f,0.1228f,1.5f,0.3827f,0.1149f,-0.9169f,-0.2874f,0f,0f,0f,1f],start_interpolation: 0,interpolation_duration: 1}
$data merge entity $(bone_right_arm1) {transformation: [-0.2704f,-0.8153f,0.512f,-1.0669f,0.1908f,-0.5667f,-0.8015f,1.1483f,0.9436f,-0.119f,0.3088f,-0.0588f,0f,0f,0f,1f],start_interpolation: 0,interpolation_duration: 1}
$data merge entity $(bone_left_arm1) {transformation: [-0.8889f,-0.0221f,-0.4575f,-0.4859f,-0.043f,0.9985f,0.0352f,1.375f,0.456f,0.0509f,-0.8885f,-0.4317f,0f,0f,0f,1f],start_interpolation: 0,interpolation_duration: 1}
$data merge entity $(bone_head2) {transformation: [-0.866f,-0.0702f,0.4951f,1.1875f,0f,0.9901f,0.1403f,1.5f,-0.5f,0.1215f,-0.8575f,-0.1875f,0f,0f,0f,1f],start_interpolation: 0,interpolation_duration: 1}
$data merge entity $(bone_right_arm2) {transformation: [-0.8996f,0.1105f,0.4226f,0.9043f,0.1219f,0.9925f,0f,1.375f,-0.4195f,0.0515f,-0.9063f,-0.3196f,0f,0f,0f,1f],start_interpolation: 0,interpolation_duration: 1}
$data merge entity $(bone_left_arm2) {transformation: [-0.9029f,-0.0539f,0.4264f,1.4707f,-0.043f,0.9985f,0.0352f,1.375f,-0.4276f,0.0134f,-0.9038f,-0.0554f,0f,0f,0f,1f],start_interpolation: 0,interpolation_duration: 1}
$data merge entity $(bone_bone3) {transformation: [-1.1166f,0.0945f,0.0167f,0.8146f,0.1371f,0.7698f,0.1357f,0.625f,0f,0.1367f,-0.7755f,0.7f,0f,0f,0f,1f],start_interpolation: 0,interpolation_duration: 1}