# This file was generated by Animated Java via MC-Build. It is not recommended to edit this file directly.
$data merge entity $(bone_head1) {transformation: [-0.9239f,0.0455f,-0.3799f,-0.7631f,0f,0.9803f,0.1204f,1.5f,0.3827f,0.1099f,-0.9172f,-0.2874f,0f,0f,0f,1f],start_interpolation: 0,interpolation_duration: 1}
$data merge entity $(bone_right_arm1) {transformation: [-0.2704f,-0.8153f,0.512f,-1.0669f,0.1908f,-0.5667f,-0.8015f,1.15f,0.9436f,-0.119f,0.3088f,-0.0588f,0f,0f,0f,1f],start_interpolation: 0,interpolation_duration: 1}
$data merge entity $(bone_left_arm1) {transformation: [-0.889f,-0.0229f,-0.4574f,-0.4859f,-0.0435f,0.9985f,0.0346f,1.375f,0.4559f,0.0507f,-0.8886f,-0.4317f,0f,0f,0f,1f],start_interpolation: 0,interpolation_duration: 1}
$data merge entity $(bone_head2) {transformation: [-0.866f,-0.0696f,0.4951f,1.1875f,0f,0.9903f,0.1392f,1.5f,-0.5f,0.1205f,-0.8576f,-0.1875f,0f,0f,0f,1f],start_interpolation: 0,interpolation_duration: 1}
$data merge entity $(bone_right_arm2) {transformation: [-0.8986f,0.1183f,0.4226f,0.9043f,0.1305f,0.9914f,0f,1.375f,-0.419f,0.0552f,-0.9063f,-0.3196f,0f,0f,0f,1f],start_interpolation: 0,interpolation_duration: 1}
$data merge entity $(bone_left_arm2) {transformation: [-0.9029f,-0.0541f,0.4265f,1.4707f,-0.0435f,0.9985f,0.0346f,1.375f,-0.4277f,0.0127f,-0.9038f,-0.0554f,0f,0f,0f,1f],start_interpolation: 0,interpolation_duration: 1}
$data merge entity $(bone_bone3) {transformation: [-1.1154f,0.1012f,0.0178f,0.8062f,0.1468f,0.7689f,0.1356f,0.625f,0f,0.1367f,-0.7755f,0.7f,0f,0f,0f,1f],start_interpolation: 0,interpolation_duration: 1}