# This file was generated by Animated Java via MC-Build. It is not recommended to edit this file directly.
$data merge entity $(bone_head1) {transformation: [-0.9239f,0.0443f,-0.3802f,-0.7631f,0f,1.0058f,0.1144f,1.5f,0.3827f,0.1071f,-0.9178f,-0.2874f,0f,0f,0f,1f],start_interpolation: 0,interpolation_duration: 1}
$data merge entity $(bone_right_arm1) {transformation: [-0.2704f,-0.8153f,0.512f,-1.0669f,0.1908f,-0.5667f,-0.8015f,1.148f,0.9436f,-0.119f,0.3088f,-0.0588f,0f,0f,0f,1f],start_interpolation: 0,interpolation_duration: 1}
$data merge entity $(bone_left_arm1) {transformation: [-0.8888f,-0.0148f,-0.4581f,-0.4859f,-0.0375f,0.9985f,0.0406f,1.375f,0.4568f,0.0533f,-0.888f,-0.4317f,0f,0f,0f,1f],start_interpolation: 0,interpolation_duration: 1}
$data merge entity $(bone_head2) {transformation: [-0.866f,-0.0676f,0.4954f,1.1875f,0f,0.9908f,0.1351f,1.5f,-0.5f,0.117f,-0.8581f,-0.1875f,0f,0f,0f,1f],start_interpolation: 0,interpolation_duration: 1}
$data merge entity $(bone_right_arm2) {transformation: [-0.9017f,0.0908f,0.4226f,0.9043f,0.1002f,0.995f,0f,1.375f,-0.4205f,0.0423f,-0.9063f,-0.3196f,0f,0f,0f,1f],start_interpolation: 0,interpolation_duration: 1}
$data merge entity $(bone_left_arm2) {transformation: [-0.9034f,-0.0513f,0.4256f,1.4707f,-0.0375f,0.9985f,0.0406f,1.375f,-0.427f,0.0207f,-0.904f,-0.0554f,0f,0f,0f,1f],start_interpolation: 0,interpolation_duration: 1}
$data merge entity $(bone_bone3) {transformation: [-1.1193f,0.0777f,0.0137f,0.8208f,0.1127f,0.7716f,0.1361f,0.625f,0f,0.1367f,-0.7755f,0.7f,0f,0f,0f,1f],start_interpolation: 0,interpolation_duration: 1}