# This file was generated by Animated Java via MC-Build. It is not recommended to edit this file directly.
$data merge entity $(bone_head1) {transformation: [-0.9239f,0.0442f,-0.3801f,-0.7631f,0f,0.9807f,0.1169f,1.5f,0.3827f,0.1067f,-0.9175f,-0.2874f,0f,0f,0f,1f],start_interpolation: 0,interpolation_duration: 1}
$data merge entity $(bone_right_arm1) {transformation: [-0.2704f,-0.8153f,0.512f,-1.0669f,0.1908f,-0.5667f,-0.8015f,1.1474f,0.9436f,-0.119f,0.3088f,-0.0588f,0f,0f,0f,1f],start_interpolation: 0,interpolation_duration: 1}
$data merge entity $(bone_left_arm1) {transformation: [-0.8887f,-0.0101f,-0.4584f,-0.4859f,-0.0341f,0.9984f,0.044f,1.375f,0.4573f,0.0548f,-0.8876f,-0.4317f,0f,0f,0f,1f],start_interpolation: 0,interpolation_duration: 1}
$data merge entity $(bone_head2) {transformation: [-0.866f,-0.067f,0.4955f,1.1875f,0f,0.991f,0.134f,1.5f,-0.5f,0.116f,-0.8582f,-0.1875f,0f,0f,0f,1f],start_interpolation: 0,interpolation_duration: 1}
$data merge entity $(bone_right_arm2) {transformation: [-0.9025f,0.0829f,0.4226f,0.9043f,0.0915f,0.9958f,0f,1.375f,-0.4208f,0.0387f,-0.9063f,-0.3196f,0f,0f,0f,1f],start_interpolation: 0,interpolation_duration: 1}
$data merge entity $(bone_left_arm2) {transformation: [-0.9038f,-0.0496f,0.4251f,1.4707f,-0.0341f,0.9984f,0.044f,1.375f,-0.4267f,0.0253f,-0.9041f,-0.0554f,0f,0f,0f,1f],start_interpolation: 0,interpolation_duration: 1}
$data merge entity $(bone_bone3) {transformation: [-1.1203f,0.071f,0.0125f,0.825f,0.1029f,0.7723f,0.1362f,0.625f,0f,0.1367f,-0.7755f,0.7f,0f,0f,0f,1f],start_interpolation: 0,interpolation_duration: 1}