# This file was generated by Animated Java via MC-Build. It is not recommended to edit this file directly.
$data merge entity $(bone_head1) {transformation: [-0.9239f,0.0445f,-0.3799f,-0.7631f,0f,0.968f,0.1194f,1.5f,0.3827f,0.1075f,-0.9173f,-0.2874f,0f,0f,0f,1f],start_interpolation: 0,interpolation_duration: 1}
$data merge entity $(bone_right_arm1) {transformation: [-0.2704f,-0.8153f,0.512f,-1.0669f,0.1908f,-0.5667f,-0.8015f,1.1468f,0.9436f,-0.119f,0.3088f,-0.0588f,0f,0f,0f,1f],start_interpolation: 0,interpolation_duration: 1}
$data merge entity $(bone_left_arm1) {transformation: [-0.8885f,-0.0049f,-0.4588f,-0.4859f,-0.0303f,0.9984f,0.0479f,1.375f,0.4578f,0.0565f,-0.8873f,-0.4317f,0f,0f,0f,1f],start_interpolation: 0,interpolation_duration: 1}
$data merge entity $(bone_head2) {transformation: [-0.866f,-0.0664f,0.4956f,1.1875f,0f,0.9911f,0.1328f,1.5f,-0.5f,0.115f,-0.8584f,-0.1875f,0f,0f,0f,1f],start_interpolation: 0,interpolation_duration: 1}
$data merge entity $(bone_right_arm2) {transformation: [-0.9032f,0.075f,0.4226f,0.9043f,0.0828f,0.9966f,0f,1.375f,-0.4212f,0.035f,-0.9063f,-0.3196f,0f,0f,0f,1f],start_interpolation: 0,interpolation_duration: 1}
$data merge entity $(bone_left_arm2) {transformation: [-0.9041f,-0.0478f,0.4246f,1.4707f,-0.0303f,0.9984f,0.0479f,1.375f,-0.4262f,0.0305f,-0.9041f,-0.0554f,0f,0f,0f,1f],start_interpolation: 0,interpolation_duration: 1}
$data merge entity $(bone_bone3) {transformation: [-1.1211f,0.0642f,0.0113f,0.8292f,0.0932f,0.7729f,0.1363f,0.625f,0f,0.1367f,-0.7755f,0.7f,0f,0f,0f,1f],start_interpolation: 0,interpolation_duration: 1}