# This file was generated by Animated Java via MC-Build. It is not recommended to edit this file directly.
$data merge entity $(bone_head1) {transformation: [-0.9239f,0.0473f,-0.3796f,-0.7631f,0f,0.9671f,0.1268f,1.5f,0.3827f,0.1142f,-0.9164f,-0.2874f,0f,0f,0f,1f],start_interpolation: 0,interpolation_duration: 1}
$data merge entity $(bone_right_arm1) {transformation: [-0.2704f,-0.8153f,0.512f,-1.0669f,0.1908f,-0.5667f,-0.8015f,1.1451f,0.9436f,-0.119f,0.3088f,-0.0588f,0f,0f,0f,1f],start_interpolation: 0,interpolation_duration: 1}
$data merge entity $(bone_left_arm1) {transformation: [-0.888f,0.0125f,-0.4597f,-0.4859f,-0.0174f,0.998f,0.0608f,1.375f,0.4595f,0.062f,-0.886f,-0.4317f,0f,0f,0f,1f],start_interpolation: 0,interpolation_duration: 1}
$data merge entity $(bone_head2) {transformation: [-0.866f,-0.0647f,0.4958f,1.1875f,0f,0.9916f,0.1294f,1.5f,-0.5f,0.112f,-0.8587f,-0.1875f,0f,0f,0f,1f],start_interpolation: 0,interpolation_duration: 1}
$data merge entity $(bone_right_arm2) {transformation: [-0.9049f,0.0514f,0.4226f,0.9043f,0.0567f,0.9984f,0f,1.375f,-0.4219f,0.024f,-0.9063f,-0.3196f,0f,0f,0f,1f],start_interpolation: 0,interpolation_duration: 1}
$data merge entity $(bone_left_arm2) {transformation: [-0.9051f,-0.0416f,0.4231f,1.4707f,-0.0174f,0.998f,0.0608f,1.375f,-0.4248f,0.0477f,-0.9041f,-0.0554f,0f,0f,0f,1f],start_interpolation: 0,interpolation_duration: 1}
$data merge entity $(bone_bone3) {transformation: [-1.1232f,0.044f,0.0078f,0.8417f,0.0638f,0.7743f,0.1365f,0.625f,0f,0.1367f,-0.7755f,0.7f,0f,0f,0f,1f],start_interpolation: 0,interpolation_duration: 1}