# This file was generated by Animated Java via MC-Build. It is not recommended to edit this file directly.
$data merge entity $(bone_head1) {transformation: [-0.9239f,0.0478f,-0.3795f,-0.7631f,0f,0.967f,0.1281f,1.5f,0.3827f,0.1153f,-0.9163f,-0.2874f,0f,0f,0f,1f],start_interpolation: 0,interpolation_duration: 1}
$data merge entity $(bone_right_arm1) {transformation: [-0.2704f,-0.8153f,0.512f,-1.0669f,0.1908f,-0.5667f,-0.8015f,1.1448f,0.9436f,-0.119f,0.3088f,-0.0588f,0f,0f,0f,1f],start_interpolation: 0,interpolation_duration: 1}
$data merge entity $(bone_left_arm1) {transformation: [-0.8879f,0.0154f,-0.4598f,-0.4859f,-0.0153f,0.9979f,0.063f,1.375f,0.4598f,0.063f,-0.8858f,-0.4317f,0f,0f,0f,1f],start_interpolation: 0,interpolation_duration: 1}
$data merge entity $(bone_head2) {transformation: [-0.866f,-0.0644f,0.4958f,1.1875f,0f,0.9917f,0.1288f,1.5f,-0.5f,0.1115f,-0.8588f,-0.1875f,0f,0f,0f,1f],start_interpolation: 0,interpolation_duration: 1}
$data merge entity $(bone_right_arm2) {transformation: [-0.9051f,0.0474f,0.4226f,0.9043f,0.0523f,0.9986f,0f,1.375f,-0.422f,0.0221f,-0.9063f,-0.3196f,0f,0f,0f,1f],start_interpolation: 0,interpolation_duration: 1}
$data merge entity $(bone_left_arm2) {transformation: [-0.9053f,-0.0406f,0.4228f,1.4707f,-0.0153f,0.9979f,0.063f,1.375f,-0.4245f,0.0505f,-0.904f,-0.0554f,0f,0f,0f,1f],start_interpolation: 0,interpolation_duration: 1}
$data merge entity $(bone_bone3) {transformation: [-1.1235f,0.0406f,0.0072f,0.8437f,0.0589f,0.7745f,0.1366f,0.625f,0f,0.1367f,-0.7755f,0.7f,0f,0f,0f,1f],start_interpolation: 0,interpolation_duration: 1}