# This file was generated by Animated Java via MC-Build. It is not recommended to edit this file directly.
$data merge entity $(bone_head1) {transformation: [-0.9239f,0.0482f,-0.3795f,-0.7631f,0f,0.9668f,0.1293f,1.5f,0.3827f,0.1165f,-0.9161f,-0.2874f,0f,0f,0f,1f],start_interpolation: 0,interpolation_duration: 1}
$data merge entity $(bone_right_arm1) {transformation: [-0.2704f,-0.8153f,0.512f,-1.0669f,0.1908f,-0.5667f,-0.8015f,1.1445f,0.9436f,-0.119f,0.3088f,-0.0588f,0f,0f,0f,1f],start_interpolation: 0,interpolation_duration: 1}
$data merge entity $(bone_left_arm1) {transformation: [-0.8878f,0.0182f,-0.4599f,-0.4859f,-0.0133f,0.9978f,0.0651f,1.375f,0.4601f,0.0639f,-0.8856f,-0.4317f,0f,0f,0f,1f],start_interpolation: 0,interpolation_duration: 1}
$data merge entity $(bone_head2) {transformation: [-0.866f,-0.0641f,0.4959f,1.1875f,0f,0.9917f,0.1282f,1.5f,-0.5f,0.111f,-0.8589f,-0.1875f,0f,0f,0f,1f],start_interpolation: 0,interpolation_duration: 1}
$data merge entity $(bone_right_arm2) {transformation: [-0.9053f,0.0435f,0.4226f,0.9043f,0.048f,0.9988f,0f,1.375f,-0.4221f,0.0203f,-0.9063f,-0.3196f,0f,0f,0f,1f],start_interpolation: 0,interpolation_duration: 1}
$data merge entity $(bone_left_arm2) {transformation: [-0.9054f,-0.0396f,0.4226f,1.4707f,-0.0133f,0.9978f,0.0651f,1.375f,-0.4243f,0.0533f,-0.904f,-0.0554f,0f,0f,0f,1f],start_interpolation: 0,interpolation_duration: 1}
$data merge entity $(bone_bone3) {transformation: [-1.1237f,0.0372f,0.0066f,0.8458f,0.054f,0.7746f,0.1366f,0.625f,0f,0.1367f,-0.7755f,0.7f,0f,0f,0f,1f],start_interpolation: 0,interpolation_duration: 1}