# This file was generated by Animated Java via MC-Build. It is not recommended to edit this file directly.
$data merge entity $(bone_head1) {transformation: [-0.9239f,0.0487f,-0.3794f,-0.7631f,0f,0.9667f,0.1305f,1.5f,0.3827f,0.1176f,-0.916f,-0.2874f,0f,0f,0f,1f],start_interpolation: 0,interpolation_duration: 1}
$data merge entity $(bone_right_arm1) {transformation: [-0.2704f,-0.8153f,0.512f,-1.0669f,0.1908f,-0.5667f,-0.8015f,1.1442f,0.9436f,-0.119f,0.3088f,-0.0588f,0f,0f,0f,1f],start_interpolation: 0,interpolation_duration: 1}
$data merge entity $(bone_left_arm1) {transformation: [-0.8877f,0.0209f,-0.46f,-0.4859f,-0.0113f,0.9977f,0.0671f,1.375f,0.4603f,0.0647f,-0.8854f,-0.4317f,0f,0f,0f,1f],start_interpolation: 0,interpolation_duration: 1}
$data merge entity $(bone_head2) {transformation: [-0.866f,-0.0638f,0.4959f,1.1875f,0f,0.9918f,0.1276f,1.5f,-0.5f,0.1105f,-0.8589f,-0.1875f,0f,0f,0f,1f],start_interpolation: 0,interpolation_duration: 1}
$data merge entity $(bone_right_arm2) {transformation: [-0.9054f,0.0395f,0.4226f,0.9043f,0.0436f,0.999f,0f,1.375f,-0.4222f,0.0184f,-0.9063f,-0.3196f,0f,0f,0f,1f],start_interpolation: 0,interpolation_duration: 1}
$data merge entity $(bone_left_arm2) {transformation: [-0.9056f,-0.0386f,0.4224f,1.4707f,-0.0113f,0.9977f,0.0671f,1.375f,-0.424f,0.056f,-0.9039f,-0.0554f,0f,0f,0f,1f],start_interpolation: 0,interpolation_duration: 1}
$data merge entity $(bone_bone3) {transformation: [-1.1239f,0.0338f,0.006f,0.8479f,0.0491f,0.7748f,0.1366f,0.625f,0f,0.1367f,-0.7755f,0.7f,0f,0f,0f,1f],start_interpolation: 0,interpolation_duration: 1}