# This file was generated by Animated Java via MC-Build. It is not recommended to edit this file directly.
$data merge entity $(bone_head1) {transformation: [-0.9239f,0.0496f,-0.3793f,-0.7631f,0f,0.9663f,0.133f,1.5f,0.3827f,0.1198f,-0.9157f,-0.2874f,0f,0f,0f,1f],start_interpolation: 0,interpolation_duration: 1}
$data merge entity $(bone_right_arm1) {transformation: [-0.2704f,-0.8153f,0.512f,-1.0669f,0.1908f,-0.5667f,-0.8015f,1.1436f,0.9436f,-0.119f,0.3088f,-0.0588f,0f,0f,0f,1f],start_interpolation: 0,interpolation_duration: 1}
$data merge entity $(bone_left_arm1) {transformation: [-0.8875f,0.0258f,-0.4601f,-0.4859f,-0.0076f,0.9975f,0.0707f,1.375f,0.4608f,0.0663f,-0.885f,-0.4317f,0f,0f,0f,1f],start_interpolation: 0,interpolation_duration: 1}
$data merge entity $(bone_head2) {transformation: [-0.866f,-0.0632f,0.496f,1.1875f,0f,0.992f,0.1265f,1.5f,-0.5f,0.1095f,-0.8591f,-0.1875f,0f,0f,0f,1f],start_interpolation: 0,interpolation_duration: 1}
$data merge entity $(bone_right_arm2) {transformation: [-0.9058f,0.0316f,0.4226f,0.9043f,0.0349f,0.9994f,0f,1.375f,-0.4224f,0.0147f,-0.9063f,-0.3196f,0f,0f,0f,1f],start_interpolation: 0,interpolation_duration: 1}
$data merge entity $(bone_left_arm2) {transformation: [-0.9058f,-0.0369f,0.422f,1.4707f,-0.0076f,0.9975f,0.0707f,1.375f,-0.4236f,0.0609f,-0.9038f,-0.0554f,0f,0f,0f,1f],start_interpolation: 0,interpolation_duration: 1}
$data merge entity $(bone_bone3) {transformation: [-1.1243f,0.0271f,0.0048f,0.8521f,0.0393f,0.7751f,0.1367f,0.625f,0f,0.1367f,-0.7755f,0.7f,0f,0f,0f,1f],start_interpolation: 0,interpolation_duration: 1}