# This file was generated by Animated Java via MC-Build. It is not recommended to edit this file directly.
$data merge entity $(bone_head1) {transformation: [-0.9239f,0.0501f,-0.3792f,-0.7631f,0f,0.9662f,0.1342f,1.5f,0.3827f,0.1209f,-0.9155f,-0.2874f,0f,0f,0f,1f],start_interpolation: 0,interpolation_duration: 1}
$data merge entity $(bone_right_arm1) {transformation: [-0.2704f,-0.8153f,0.512f,-1.0669f,0.1908f,-0.5667f,-0.8015f,1.1433f,0.9436f,-0.119f,0.3088f,-0.0588f,0f,0f,0f,1f],start_interpolation: 0,interpolation_duration: 1}
$data merge entity $(bone_left_arm1) {transformation: [-0.8874f,0.0281f,-0.4602f,-0.4859f,-0.006f,0.9974f,0.0724f,1.375f,0.461f,0.067f,-0.8849f,-0.4317f,0f,0f,0f,1f],start_interpolation: 0,interpolation_duration: 1}
$data merge entity $(bone_head2) {transformation: [-0.866f,-0.063f,0.496f,1.1875f,0f,0.992f,0.1259f,1.5f,-0.5f,0.109f,-0.8591f,-0.1875f,0f,0f,0f,1f],start_interpolation: 0,interpolation_duration: 1}
$data merge entity $(bone_right_arm2) {transformation: [-0.9059f,0.0277f,0.4226f,0.9043f,0.0305f,0.9995f,0f,1.375f,-0.4224f,0.0129f,-0.9063f,-0.3196f,0f,0f,0f,1f],start_interpolation: 0,interpolation_duration: 1}
$data merge entity $(bone_left_arm2) {transformation: [-0.9059f,-0.0361f,0.4219f,1.4707f,-0.006f,0.9974f,0.0724f,1.375f,-0.4234f,0.063f,-0.9038f,-0.0554f,0f,0f,0f,1f],start_interpolation: 0,interpolation_duration: 1}
$data merge entity $(bone_bone3) {transformation: [-1.1245f,0.0237f,0.0042f,0.8542f,0.0344f,0.7752f,0.1367f,0.625f,0f,0.1367f,-0.7755f,0.7f,0f,0f,0f,1f],start_interpolation: 0,interpolation_duration: 1}