# This file was generated by Animated Java via MC-Build. It is not recommended to edit this file directly.
$data merge entity $(bone_head1) {transformation: [-0.9239f,0.051f,-0.3791f,-0.7631f,0f,0.9658f,0.1367f,1.5f,0.3827f,0.1231f,-0.9152f,-0.2874f,0f,0f,0f,1f],start_interpolation: 0,interpolation_duration: 1}
$data merge entity $(bone_right_arm1) {transformation: [-0.2704f,-0.8153f,0.512f,-1.0669f,0.1908f,-0.5667f,-0.8015f,1.1428f,0.9436f,-0.119f,0.3088f,-0.0588f,0f,0f,0f,1f],start_interpolation: 0,interpolation_duration: 1}
$data merge entity $(bone_left_arm1) {transformation: [-0.8872f,0.0318f,-0.4603f,-0.4859f,-0.0032f,0.9972f,0.0752f,1.375f,0.4613f,0.0682f,-0.8846f,-0.4317f,0f,0f,0f,1f],start_interpolation: 0,interpolation_duration: 1}
$data merge entity $(bone_head2) {transformation: [-0.866f,-0.0624f,0.4961f,1.1875f,0f,0.9922f,0.1248f,1.5f,-0.5f,0.108f,-0.8593f,-0.1875f,0f,0f,0f,1f],start_interpolation: 0,interpolation_duration: 1}
$data merge entity $(bone_right_arm2) {transformation: [-0.9061f,0.0198f,0.4226f,0.9043f,0.0218f,0.9998f,0f,1.375f,-0.4225f,0.0092f,-0.9063f,-0.3196f,0f,0f,0f,1f],start_interpolation: 0,interpolation_duration: 1}
$data merge entity $(bone_left_arm2) {transformation: [-0.9061f,-0.0347f,0.4216f,1.4707f,-0.0032f,0.9972f,0.0752f,1.375f,-0.423f,0.0668f,-0.9037f,-0.0554f,0f,0f,0f,1f],start_interpolation: 0,interpolation_duration: 1}
$data merge entity $(bone_bone3) {transformation: [-1.1247f,0.0169f,0.003f,0.8583f,0.0245f,0.7754f,0.1367f,0.625f,0f,0.1367f,-0.7755f,0.7f,0f,0f,0f,1f],start_interpolation: 0,interpolation_duration: 1}