# This file was generated by Animated Java via MC-Build. It is not recommended to edit this file directly.
$data merge entity $(bone_head1) {transformation: [-0.9239f,0.0515f,-0.379f,-0.7631f,0f,0.9657f,0.1379f,1.5f,0.3827f,0.1243f,-0.915f,-0.2874f,0f,0f,0f,1f],start_interpolation: 0,interpolation_duration: 1}
$data merge entity $(bone_right_arm1) {transformation: [-0.2704f,-0.8153f,0.512f,-1.0669f,0.1908f,-0.5667f,-0.8015f,1.1425f,0.9436f,-0.119f,0.3088f,-0.0588f,0f,0f,0f,1f],start_interpolation: 0,interpolation_duration: 1}
$data merge entity $(bone_left_arm1) {transformation: [-0.8871f,0.0333f,-0.4603f,-0.4859f,-0.0021f,0.9971f,0.0763f,1.375f,0.4615f,0.0687f,-0.8845f,-0.4317f,0f,0f,0f,1f],start_interpolation: 0,interpolation_duration: 1}
$data merge entity $(bone_head2) {transformation: [-0.866f,-0.0621f,0.4961f,1.1875f,0f,0.9923f,0.1242f,1.5f,-0.5f,0.1075f,-0.8593f,-0.1875f,0f,0f,0f,1f],start_interpolation: 0,interpolation_duration: 1}
$data merge entity $(bone_right_arm2) {transformation: [-0.9062f,0.0158f,0.4226f,0.9043f,0.0175f,0.9998f,0f,1.375f,-0.4226f,0.0074f,-0.9063f,-0.3196f,0f,0f,0f,1f],start_interpolation: 0,interpolation_duration: 1}
$data merge entity $(bone_left_arm2) {transformation: [-0.9062f,-0.0342f,0.4215f,1.4707f,-0.0021f,0.9971f,0.0763f,1.375f,-0.4229f,0.0683f,-0.9036f,-0.0554f,0f,0f,0f,1f],start_interpolation: 0,interpolation_duration: 1}
$data merge entity $(bone_bone3) {transformation: [-1.1248f,0.0135f,0.0024f,0.8604f,0.0196f,0.7754f,0.1367f,0.625f,0f,0.1367f,-0.7755f,0.7f,0f,0f,0f,1f],start_interpolation: 0,interpolation_duration: 1}