# This file was generated by Animated Java via MC-Build. It is not recommended to edit this file directly.
$data merge entity $(bone_head1) {transformation: [-0.9239f,0.0519f,-0.379f,-0.7631f,0f,0.9655f,0.1392f,1.5f,0.3827f,0.1254f,-0.9149f,-0.2874f,0f,0f,0f,1f],start_interpolation: 0,interpolation_duration: 1}
$data merge entity $(bone_right_arm1) {transformation: [-0.2704f,-0.8153f,0.512f,-1.0669f,0.1908f,-0.5667f,-0.8015f,1.1422f,0.9436f,-0.119f,0.3088f,-0.0588f,0f,0f,0f,1f],start_interpolation: 0,interpolation_duration: 1}
$data merge entity $(bone_left_arm1) {transformation: [-0.8871f,0.0346f,-0.4603f,-0.4859f,-0.0012f,0.997f,0.0772f,1.375f,0.4616f,0.0691f,-0.8844f,-0.4317f,0f,0f,0f,1f],start_interpolation: 0,interpolation_duration: 1}
$data merge entity $(bone_head2) {transformation: [-0.866f,-0.0618f,0.4962f,1.1875f,0f,0.9923f,0.1236f,1.5f,-0.5f,0.107f,-0.8594f,-0.1875f,0f,0f,0f,1f],start_interpolation: -1,interpolation_duration: 0}
$data merge entity $(bone_right_arm2) {transformation: [-0.9062f,0.0119f,0.4226f,0.9043f,0.0131f,0.9999f,0f,1.375f,-0.4226f,0.0055f,-0.9063f,-0.3196f,0f,0f,0f,1f],start_interpolation: 0,interpolation_duration: 1}
$data merge entity $(bone_left_arm2) {transformation: [-0.9062f,-0.0338f,0.4214f,1.4707f,-0.0012f,0.997f,0.0772f,1.375f,-0.4228f,0.0695f,-0.9036f,-0.0554f,0f,0f,0f,1f],start_interpolation: 0,interpolation_duration: 1}
$data merge entity $(bone_bone3) {transformation: [-1.1249f,0.0102f,0.0018f,0.8625f,0.0147f,0.7755f,0.1367f,0.625f,0f,0.1367f,-0.7755f,0.7f,0f,0f,0f,1f],start_interpolation: 0,interpolation_duration: 1}