# This file was generated by Animated Java via MC-Build. It is not recommended to edit this file directly.
$data merge entity $(bone_head1) {transformation: [-0.9239f,0.0524f,-0.3789f,-0.7631f,0f,0.9653f,0.1404f,1.5f,0.3827f,0.1265f,-0.9147f,-0.2874f,0f,0f,0f,1f],start_interpolation: 0,interpolation_duration: 1}
$data merge entity $(bone_right_arm1) {transformation: [-0.2704f,-0.8153f,0.512f,-1.0669f,0.1908f,-0.5667f,-0.8015f,1.1419f,0.9436f,-0.119f,0.3088f,-0.0588f,0f,0f,0f,1f],start_interpolation: 0,interpolation_duration: 1}
$data merge entity $(bone_left_arm1) {transformation: [-0.887f,0.0355f,-0.4603f,-0.4859f,-0.0006f,0.997f,0.0779f,1.375f,0.4617f,0.0694f,-0.8843f,-0.4317f,0f,0f,0f,1f],start_interpolation: 0,interpolation_duration: 1}
$data merge entity $(bone_head2) {transformation: [-0.866f,-0.0615f,0.4962f,1.1875f,0f,0.9924f,0.123f,1.5f,-0.5f,0.1065f,-0.8594f,-0.1875f,0f,0f,0f,1f],start_interpolation: 0,interpolation_duration: 1}
$data merge entity $(bone_right_arm2) {transformation: [-0.9063f,0.0079f,0.4226f,0.9043f,0.0087f,1f,0f,1.375f,-0.4226f,0.0037f,-0.9063f,-0.3196f,0f,0f,0f,1f],start_interpolation: 0,interpolation_duration: 1}
$data merge entity $(bone_left_arm2) {transformation: [-0.9063f,-0.0334f,0.4214f,1.4707f,-0.0006f,0.997f,0.0779f,1.375f,-0.4227f,0.0704f,-0.9035f,-0.0554f,0f,0f,0f,1f],start_interpolation: 0,interpolation_duration: 1}
$data merge entity $(bone_bone3) {transformation: [-1.125f,0.0068f,0.0012f,0.8646f,0.0098f,0.7755f,0.1367f,0.625f,0f,0.1367f,-0.7755f,0.7f,0f,0f,0f,1f],start_interpolation: 0,interpolation_duration: 1}