# This file was generated by Animated Java via MC-Build. It is not recommended to edit this file directly.
$data merge entity $(bone_head1) {transformation: [-0.9239f,0.0528f,-0.3788f,-0.7631f,0f,0.9652f,0.1416f,1.5f,0.3827f,0.1276f,-0.9146f,-0.2874f,0f,0f,0f,1f],start_interpolation: 0,interpolation_duration: 1}
$data merge entity $(bone_right_arm1) {transformation: [-0.2704f,-0.8153f,0.512f,-1.0669f,0.1908f,-0.5667f,-0.8015f,1.1416f,0.9436f,-0.119f,0.3088f,-0.0588f,0f,0f,0f,1f],start_interpolation: 0,interpolation_duration: 1}
$data merge entity $(bone_left_arm1) {transformation: [-0.887f,0.036f,-0.4603f,-0.4859f,-0.0001f,0.9969f,0.0783f,1.375f,0.4617f,0.0695f,-0.8843f,-0.4317f,0f,0f,0f,1f],start_interpolation: 0,interpolation_duration: 1}
$data merge entity $(bone_head2) {transformation: [-0.866f,-0.0612f,0.4962f,1.1875f,0f,0.9925f,0.1224f,1.5f,-0.5f,0.106f,-0.8595f,-0.1875f,0f,0f,0f,1f],start_interpolation: 0,interpolation_duration: 1}
$data merge entity $(bone_right_arm2) {transformation: [-0.9063f,0.004f,0.4226f,0.9043f,0.0044f,1f,0f,1.375f,-0.4226f,0.0018f,-0.9063f,-0.3196f,0f,0f,0f,1f],start_interpolation: 0,interpolation_duration: 1}
$data merge entity $(bone_left_arm2) {transformation: [-0.9063f,-0.0332f,0.4213f,1.4707f,-0.0001f,0.9969f,0.0783f,1.375f,-0.4226f,0.0709f,-0.9035f,-0.0554f,0f,0f,0f,1f],start_interpolation: 0,interpolation_duration: 1}
$data merge entity $(bone_bone3) {transformation: [-1.125f,0.0034f,0.0006f,0.8667f,0.0049f,0.7755f,0.1367f,0.625f,0f,0.1367f,-0.7755f,0.7f,0f,0f,0f,1f],start_interpolation: 0,interpolation_duration: 1}