# This file was generated by Animated Java via MC-Build. It is not recommended to edit this file directly.
$data merge entity $(bone_head1) {transformation: [-0.9239f,0.0571f,-0.3784f,-0.7631f,0f,0.9888f,0.1492f,1.5f,0.3827f,0.1379f,-0.9135f,-0.2874f,0f,0f,0f,1f],start_interpolation: 0,interpolation_duration: 1}
$data merge entity $(bone_right_arm1) {transformation: [-0.2704f,-0.8153f,0.512f,-1.0669f,0.1908f,-0.5667f,-0.8015f,1.13f,0.9436f,-0.119f,0.3088f,-0.0588f,0f,0f,0f,1f],start_interpolation: 0,interpolation_duration: 1}
$data merge entity $(bone_left_arm1) {transformation: [-0.8873f,0.0301f,-0.4602f,-0.4859f,-0.0045f,0.9973f,0.0739f,1.375f,0.4612f,0.0676f,-0.8847f,-0.4317f,0f,0f,0f,1f],start_interpolation: 0,interpolation_duration: 1}
$data merge entity $(bone_head2) {transformation: [-0.866f,-0.0765f,0.4941f,1.1875f,0f,0.9882f,0.153f,1.5f,-0.5f,0.1325f,-0.8558f,-0.1875f,0f,0f,0f,1f],start_interpolation: 0,interpolation_duration: 1}
$data merge entity $(bone_right_arm2) {transformation: [-0.906f,0.0237f,0.4226f,0.9043f,0.0262f,0.9997f,0f,1.375f,-0.4225f,0.0111f,-0.9063f,-0.3196f,0f,0f,0f,1f],start_interpolation: 0,interpolation_duration: 1}
$data merge entity $(bone_left_arm2) {transformation: [-0.906f,-0.0354f,0.4217f,1.4707f,-0.0045f,0.9973f,0.0739f,1.375f,-0.4232f,0.065f,-0.9037f,-0.0554f,0f,0f,0f,1f],start_interpolation: 0,interpolation_duration: 1}
$data merge entity $(bone_bone3) {transformation: [-1.1246f,0.0203f,0.0036f,0.9062f,0.0294f,0.7753f,0.1367f,0.625f,0f,0.1367f,-0.7755f,0.7f,0f,0f,0f,1f],start_interpolation: 0,interpolation_duration: 1}