# This file was generated by Animated Java via MC-Build. It is not recommended to edit this file directly.
$data merge entity $(bone_head1) {transformation: [-0.9239f,0.0557f,-0.3786f,-0.7631f,0f,0.9893f,0.1457f,1.5f,0.3827f,0.1346f,-0.914f,-0.2874f,0f,0f,0f,1f],start_interpolation: 0,interpolation_duration: 1}
$data merge entity $(bone_right_arm1) {transformation: [-0.2704f,-0.8153f,0.512f,-1.0669f,0.1908f,-0.5667f,-0.8015f,1.1325f,0.9436f,-0.119f,0.3088f,-0.0588f,0f,0f,0f,1f],start_interpolation: 0,interpolation_duration: 1}
$data merge entity $(bone_left_arm1) {transformation: [-0.8876f,0.0234f,-0.4601f,-0.4859f,-0.0094f,0.9976f,0.069f,1.375f,0.4606f,0.0655f,-0.8852f,-0.4317f,0f,0f,0f,1f],start_interpolation: 0,interpolation_duration: 1}
$data merge entity $(bone_head2) {transformation: [-0.866f,-0.0756f,0.4942f,1.1875f,0f,0.9885f,0.1513f,1.5f,-0.5f,0.131f,-0.8561f,-0.1875f,0f,0f,0f,1f],start_interpolation: 0,interpolation_duration: 1}
$data merge entity $(bone_right_arm2) {transformation: [-0.9056f,0.0356f,0.4226f,0.9043f,0.0393f,0.9992f,0f,1.375f,-0.4223f,0.0166f,-0.9063f,-0.3196f,0f,0f,0f,1f],start_interpolation: 0,interpolation_duration: 1}
$data merge entity $(bone_left_arm2) {transformation: [-0.9057f,-0.0377f,0.4222f,1.4707f,-0.0094f,0.9976f,0.069f,1.375f,-0.4238f,0.0585f,-0.9039f,-0.0554f,0f,0f,0f,1f],start_interpolation: 0,interpolation_duration: 1}
$data merge entity $(bone_bone3) {transformation: [-1.1241f,0.0304f,0.0054f,0.8938f,0.0442f,0.7749f,0.1366f,0.625f,0f,0.1367f,-0.7755f,0.7f,0f,0f,0f,1f],start_interpolation: 0,interpolation_duration: 1}