# This file was generated by Animated Java via MC-Build. It is not recommended to edit this file directly.
execute unless entity @s[type=minecraft:item_display,tag=aj.blueprint.root] run return run function animated_java:global/errors/function_not_executed_as_root_entity {'export_namespace': 'blueprint', 'function_path': 'animated_java:blueprint/apply_default_pose'}
execute on passengers if entity @s[tag=aj.blueprint.bone.head] run data merge entity @s {transformation: [-0.9962f,0.0091f,0.0867f,0f,0f,0.9945f,-0.1045f,1.5f,-0.0872f,-0.1041f,-0.9907f,0f,0f,0f,0f,1f], start_interpolation: 0}
execute on passengers if entity @s[tag=aj.blueprint.bone.body] run data merge entity @s {transformation: [-1f,0f,0f,0f,0f,1f,0f,1.5f,0f,0f,-1f,0f,0f,0f,0f,1f], start_interpolation: 0}
execute on passengers if entity @s[tag=aj.blueprint.bone.right_arm] run data merge entity @s {transformation: [-1f,0f,0f,-0.3125f,0f,0.9848f,-0.1736f,1.375f,0f,-0.1736f,-0.9848f,0f,0f,0f,0f,1f], start_interpolation: 0}
execute on passengers if entity @s[tag=aj.blueprint.bone.left_arm] run data merge entity @s {transformation: [-1f,0f,0f,0.3125f,0f,0.9781f,0.2079f,1.375f,0f,0.2079f,-0.9781f,0f,0f,0f,0f,1f], start_interpolation: 0}
execute on passengers if entity @s[tag=aj.blueprint.bone.right_leg] run data merge entity @s {transformation: [-0.9994f,0.0343f,0.0067f,-0.1187f,0.0349f,0.981f,0.1907f,0.75f,0f,0.1908f,-0.9816f,0f,0f,0f,0f,1f], start_interpolation: 0}
execute on passengers if entity @s[tag=aj.blueprint.bone.left_leg] run data merge entity @s {transformation: [-0.9994f,-0.0344f,0.0061f,0.1188f,-0.0349f,0.9842f,-0.1735f,0.75f,0f,-0.1736f,-0.9848f,0f,0f,0f,0f,1f], start_interpolation: 0}
execute on passengers if entity @s[tag=aj.blueprint.bone.text_display] run data merge entity @s {transformation: [0.9962f,0.0076f,-0.0868f,0f,0f,0.9962f,0.0872f,2.0625f,0.0872f,-0.0868f,0.9924f,0f,0f,0f,0f,1f], start_interpolation: 0}
execute on passengers if entity @s[tag=aj.blueprint.bone.bone] run data merge entity @s {transformation: [-1f,0f,0f,-0.375f,0f,1f,0f,2.25f,0f,0f,-1f,0f,0f,0f,0f,1f], start_interpolation: 0}
execute on passengers if entity @s[tag=aj.blueprint.bone.bone1] run data merge entity @s {transformation: [-1.375f,0f,0f,-1.3906f,0f,1.375f,0f,0.75f,0f,0f,-1.375f,0.1406f,0f,0f,0f,1f], start_interpolation: 0}
execute on passengers if entity @s[tag=aj.blueprint.bone.head1] run data merge entity @s {transformation: [-0.9962f,0.0091f,0.0867f,-1.9375f,0f,0.9945f,-0.1045f,1.5f,-0.0872f,-0.1041f,-0.9907f,1.0625f,0f,0f,0f,1f], start_interpolation: 0}
execute on passengers if entity @s[tag=aj.blueprint.bone.body1] run data merge entity @s {transformation: [-1f,0f,0f,-1.9375f,0f,1f,0f,1.5f,0f,0f,-1f,1.0625f,0f,0f,0f,1f], start_interpolation: 0}
execute on passengers if entity @s[tag=aj.blueprint.bone.right_arm1] run data merge entity @s {transformation: [-1f,0f,0f,-2.25f,0f,0.9848f,-0.1736f,1.375f,0f,-0.1736f,-0.9848f,1.0625f,0f,0f,0f,1f], start_interpolation: 0}
execute on passengers if entity @s[tag=aj.blueprint.bone.left_arm1] run data merge entity @s {transformation: [-1f,0f,0f,-1.625f,0f,0.9781f,0.2079f,1.375f,0f,0.2079f,-0.9781f,1.0625f,0f,0f,0f,1f], start_interpolation: 0}
execute on passengers if entity @s[tag=aj.blueprint.bone.right_leg1] run data merge entity @s {transformation: [-0.9994f,0.0343f,0.0067f,-2.0562f,0.0349f,0.981f,0.1907f,0.75f,0f,0.1908f,-0.9816f,1.0625f,0f,0f,0f,1f], start_interpolation: 0}
execute on passengers if entity @s[tag=aj.blueprint.bone.left_leg1] run data merge entity @s {transformation: [-0.9994f,-0.0344f,0.0061f,-1.8187f,-0.0349f,0.9842f,-0.1735f,0.75f,0f,-0.1736f,-0.9848f,1.0625f,0f,0f,0f,1f], start_interpolation: 0}
execute on passengers if entity @s[tag=aj.blueprint.bone.text_display1] run data merge entity @s {transformation: [1f,0f,0f,-1.9375f,0f,1f,0f,1.5f,0f,0f,1f,1.0625f,0f,0f,0f,1f], start_interpolation: 0}
execute on passengers if entity @s[tag=aj.blueprint.bone.text_display2] run data merge entity @s {transformation: [1f,0f,0f,-1.9375f,0f,1f,0f,1.5f,0f,0f,1f,1.0625f,0f,0f,0f,1f], start_interpolation: 0}
execute on passengers if entity @s[tag=aj.blueprint.bone.head2] run data merge entity @s {transformation: [-0.9962f,0.0091f,0.0867f,0f,0f,0.9945f,-0.1045f,1.5f,-0.0872f,-0.1041f,-0.9907f,1.75f,0f,0f,0f,1f], start_interpolation: 0}
execute on passengers if entity @s[tag=aj.blueprint.bone.body2] run data merge entity @s {transformation: [-1f,0f,0f,0f,0f,1f,0f,1.5f,0f,0f,-1f,1.75f,0f,0f,0f,1f], start_interpolation: 0}
execute on passengers if entity @s[tag=aj.blueprint.bone.right_arm2] run data merge entity @s {transformation: [-1f,0f,0f,-0.3125f,0f,0.9848f,-0.1736f,1.375f,0f,-0.1736f,-0.9848f,1.75f,0f,0f,0f,1f], start_interpolation: 0}
execute on passengers if entity @s[tag=aj.blueprint.bone.left_arm2] run data merge entity @s {transformation: [-1f,0f,0f,0.3125f,0f,0.9781f,0.2079f,1.375f,0f,0.2079f,-0.9781f,1.75f,0f,0f,0f,1f], start_interpolation: 0}
execute on passengers if entity @s[tag=aj.blueprint.bone.right_leg2] run data merge entity @s {transformation: [-0.9994f,0.0343f,0.0067f,-0.1188f,0.0349f,0.981f,0.1907f,0.75f,0f,0.1908f,-0.9816f,1.75f,0f,0f,0f,1f], start_interpolation: 0}
execute on passengers if entity @s[tag=aj.blueprint.bone.left_leg2] run data merge entity @s {transformation: [-0.9994f,-0.0344f,0.0061f,0.1187f,-0.0349f,0.9842f,-0.1735f,0.75f,0f,-0.1736f,-0.9848f,1.75f,0f,0f,0f,1f], start_interpolation: 0}
execute on passengers if entity @s[tag=aj.blueprint.bone.bone3] run data merge entity @s {transformation: [-1.125f,0f,0f,0.8437f,0f,1.125f,0f,0f,0f,0f,-1.125f,0.875f,0f,0f,0f,1f], start_interpolation: 0}
execute on passengers if entity @s[tag=aj.blueprint.bone.text_display4] run data merge entity @s {transformation: [0.9962f,0.0091f,-0.0867f,1.5676f,0f,0.9945f,0.1045f,2.0594f,0.0872f,-0.1041f,0.9907f,-0.0586f,0f,0f,0f,1f], start_interpolation: 0}
execute on passengers if entity @s[tag=aj.blueprint.bone.head3] run data merge entity @s {transformation: [-0.9962f,0.0091f,0.0867f,1.5625f,0f,0.9945f,-0.1045f,1.5f,-0.0872f,-0.1041f,-0.9907f,0f,0f,0f,0f,1f], start_interpolation: 0}
execute on passengers if entity @s[tag=aj.blueprint.bone.body3] run data merge entity @s {transformation: [-1f,0f,0f,1.5625f,0f,1f,0f,1.5f,0f,0f,-1f,0f,0f,0f,0f,1f], start_interpolation: 0}
execute on passengers if entity @s[tag=aj.blueprint.bone.right_arm3] run data merge entity @s {transformation: [-1f,0f,0f,1.25f,0f,0.9848f,-0.1736f,1.375f,0f,-0.1736f,-0.9848f,0f,0f,0f,0f,1f], start_interpolation: 0}
execute on passengers if entity @s[tag=aj.blueprint.bone.left_arm3] run data merge entity @s {transformation: [-1f,0f,0f,1.875f,0f,0.9781f,0.2079f,1.375f,0f,0.2079f,-0.9781f,0f,0f,0f,0f,1f], start_interpolation: 0}
execute on passengers if entity @s[tag=aj.blueprint.bone.right_leg3] run data merge entity @s {transformation: [-0.9994f,0.0343f,0.0067f,1.4438f,0.0349f,0.981f,0.1907f,0.75f,0f,0.1908f,-0.9816f,0f,0f,0f,0f,1f], start_interpolation: 0}
execute on passengers if entity @s[tag=aj.blueprint.bone.left_leg3] run data merge entity @s {transformation: [-0.9994f,-0.0344f,0.0061f,1.6813f,-0.0349f,0.9842f,-0.1735f,0.75f,0f,-0.1736f,-0.9848f,0f,0f,0f,0f,1f], start_interpolation: 0}
execute on passengers if entity @s[tag=aj.blueprint.bone.text_display3] run data merge entity @s {transformation: [0.9962f,0.0091f,-0.0867f,2.7551f,0f,0.9945f,0.1045f,2.0594f,0.0872f,-0.1041f,0.9907f,-0.0586f,0f,0f,0f,1f], start_interpolation: 0}
execute on passengers if entity @s[tag=aj.blueprint.bone.head4] run data merge entity @s {transformation: [-0.9962f,0.0091f,0.0867f,2.75f,0f,0.9945f,-0.1045f,1.5f,-0.0872f,-0.1041f,-0.9907f,0f,0f,0f,0f,1f], start_interpolation: 0}
execute on passengers if entity @s[tag=aj.blueprint.bone.body4] run data merge entity @s {transformation: [-1f,0f,0f,2.75f,0f,1f,0f,1.5f,0f,0f,-1f,0f,0f,0f,0f,1f], start_interpolation: 0}
execute on passengers if entity @s[tag=aj.blueprint.bone.right_arm4] run data merge entity @s {transformation: [-1f,0f,0f,2.4375f,0f,0.9848f,-0.1736f,1.375f,0f,-0.1736f,-0.9848f,0f,0f,0f,0f,1f], start_interpolation: 0}
execute on passengers if entity @s[tag=aj.blueprint.bone.left_arm4] run data merge entity @s {transformation: [-1f,0f,0f,3.0625f,0f,0.9781f,0.2079f,1.375f,0f,0.2079f,-0.9781f,0f,0f,0f,0f,1f], start_interpolation: 0}
execute on passengers if entity @s[tag=aj.blueprint.bone.right_leg4] run data merge entity @s {transformation: [-0.9994f,0.0343f,0.0067f,2.6313f,0.0349f,0.981f,0.1907f,0.75f,0f,0.1908f,-0.9816f,0f,0f,0f,0f,1f], start_interpolation: 0}
execute on passengers if entity @s[tag=aj.blueprint.bone.left_leg4] run data merge entity @s {transformation: [-0.9994f,-0.0344f,0.0061f,2.8688f,-0.0349f,0.9842f,-0.1735f,0.75f,0f,-0.1736f,-0.9848f,0f,0f,0f,0f,1f], start_interpolation: 0}