# This file was generated by Animated Java via MC-Build. It is not recommended to edit this file directly.
$data merge entity $(text_display_text_display3) {transformation: [0.9945f,-0.105f,0.0064f,-0.059f,0.0576f,0.5949f,0.8017f,1.8346f,-0.0879f,-0.7969f,0.5977f,-0.4483f,0f,0f,0f,1f],start_interpolation: 0,interpolation_duration: 1}
$data merge entity $(bone_head4) {transformation: [-0.9945f,-0.105f,-0.0064f,0f,-0.0576f,0.5949f,-0.8017f,1.5f,0.0879f,-0.7969f,-0.5977f,0f,0f,0f,0f,1f],start_interpolation: 0,interpolation_duration: 1}
$data merge entity $(bone_body4) {transformation: [-0.9999f,0.0125f,0f,0f,0.0125f,0.999f,0.0436f,1.5f,0.0005f,0.0436f,-0.999f,0f,0f,0f,0f,1f],start_interpolation: 0,interpolation_duration: 1}
$data merge entity $(bone_right_arm4) {transformation: [-1f,0f,0f,-0.3125f,0f,-0.9425f,-0.3342f,1.375f,0f,-0.3342f,0.9425f,0f,0f,0f,0f,1f],start_interpolation: 0,interpolation_duration: 1}
$data merge entity $(bone_left_arm4) {transformation: [0.9962f,-0.0814f,0.0312f,0.3125f,-0.0872f,-0.93f,0.3571f,1.375f,0f,-0.3585f,-0.9335f,0f,0f,0f,0f,1f],start_interpolation: 0,interpolation_duration: 1}
$data merge entity $(bone_right_leg4) {transformation: [-0.9536f,0.2987f,0.037f,-0.1298f,0.3009f,0.9429f,0.1431f,0.7521f,0.0078f,0.1476f,-0.989f,0f,0f,0f,0f,1f],start_interpolation: 0,interpolation_duration: 1}
$data merge entity $(bone_left_leg4) {transformation: [-0.9585f,-0.2806f,0.0495f,0.1107f,-0.285f,0.944f,-0.1664f,0.75f,0f,-0.1736f,-0.9848f,0f,0f,0f,0f,1f],start_interpolation: 0,interpolation_duration: 1}