# This file was generated by Animated Java via MC-Build. It is not recommended to edit this file directly.
$data merge entity $(text_display_text_display3) {transformation: [0.9926f,-0.1049f,0.0603f,-0.059f,0.014f,0.5948f,0.8037f,1.8346f,-0.1202f,-0.797f,0.5919f,-0.4483f,0f,0f,0f,1f],start_interpolation: 0,interpolation_duration: 1}
$data merge entity $(bone_head4) {transformation: [-0.9926f,-0.1049f,-0.0603f,0f,-0.014f,0.5948f,-0.8037f,1.5f,0.1202f,-0.797f,-0.5919f,0f,0f,0f,0f,1f],start_interpolation: 0,interpolation_duration: 1}
$data merge entity $(bone_body4) {transformation: [-0.9914f,0.1305f,0f,0f,0.1304f,0.9905f,0.0436f,1.5f,0.0057f,0.0432f,-0.999f,0f,0f,0f,0f,1f],start_interpolation: 0,interpolation_duration: 1}
$data merge entity $(bone_right_arm4) {transformation: [-1f,0f,0f,-0.3125f,0f,-0.9336f,-0.3584f,1.375f,0f,-0.3584f,0.9336f,0f,0f,0f,0f,1f],start_interpolation: 0,interpolation_duration: 1}
$data merge entity $(bone_left_arm4) {transformation: [0.9962f,-0.0811f,0.0319f,0.3125f,-0.0872f,-0.9269f,0.3651f,1.375f,0f,-0.3665f,-0.9304f,0f,0f,0f,0f,1f],start_interpolation: 0,interpolation_duration: 1}
$data merge entity $(bone_right_leg4) {transformation: [-0.9275f,0.3719f,0.037f,-0.2437f,0.3732f,0.9166f,0.1431f,0.7813f,0.0193f,0.1465f,-0.989f,0f,0f,0f,0f,1f],start_interpolation: 0,interpolation_duration: 1}
$data merge entity $(bone_left_leg4) {transformation: [-0.9781f,-0.2048f,0.0361f,0.0562f,-0.2079f,0.9633f,-0.1699f,0.75f,0f,-0.1736f,-0.9848f,0f,0f,0f,0f,1f],start_interpolation: 0,interpolation_duration: 1}