# This file was generated by Animated Java via MC-Build. It is not recommended to edit this file directly.
$data merge entity $(text_display_text_display3) {transformation: [0.9908f,-0.1049f,0.0858f,-0.059f,-0.0067f,0.5947f,0.8039f,1.8345f,-0.1354f,-0.7971f,0.5885f,-0.4483f,0f,0f,0f,1f],start_interpolation: 0,interpolation_duration: 1}
$data merge entity $(bone_head4) {transformation: [-0.9908f,-0.1049f,-0.0858f,0f,0.0067f,0.5947f,-0.8039f,1.5f,0.1354f,-0.7971f,-0.5885f,0f,0f,0f,0f,1f],start_interpolation: 0,interpolation_duration: 1}
$data merge entity $(bone_body4) {transformation: [-0.994f,0.1093f,0f,0f,0.1092f,0.9931f,0.0436f,1.5f,0.0048f,0.0433f,-0.999f,0f,0f,0f,0f,1f],start_interpolation: 0,interpolation_duration: 1}
$data merge entity $(bone_right_arm4) {transformation: [-1f,0f,0f,-0.3125f,0f,-0.9294f,-0.369f,1.375f,0f,-0.369f,0.9294f,0f,0f,0f,0f,1f],start_interpolation: 0,interpolation_duration: 1}
$data merge entity $(bone_left_arm4) {transformation: [0.9962f,-0.081f,0.0323f,0.3125f,-0.0872f,-0.9255f,0.3686f,1.375f,0f,-0.37f,-0.929f,0f,0f,0f,0f,1f],start_interpolation: 0,interpolation_duration: 1}
$data merge entity $(bone_right_leg4) {transformation: [-0.9324f,0.3595f,0.037f,-0.2227f,0.3609f,0.9215f,0.1431f,0.7755f,0.0173f,0.1468f,-0.989f,0f,0f,0f,0f,1f],start_interpolation: 0,interpolation_duration: 1}
$data merge entity $(bone_left_leg4) {transformation: [-0.975f,-0.2189f,0.0386f,0.0648f,-0.2223f,0.9602f,-0.1693f,0.75f,0f,-0.1736f,-0.9848f,0f,0f,0f,0f,1f],start_interpolation: 0,interpolation_duration: 1}