# This file was generated by Animated Java via MC-Build. It is not recommended to edit this file directly.
$data merge entity $(text_display_text_display3) {transformation: [0.9898f,-0.1049f,0.0959f,-0.059f,-0.0149f,0.5947f,0.8038f,1.8345f,-0.1413f,-0.797f,0.5871f,-0.4483f,0f,0f,0f,1f],start_interpolation: 0,interpolation_duration: 1}
$data merge entity $(bone_head4) {transformation: [-0.9898f,-0.1049f,-0.0959f,0f,0.0149f,0.5947f,-0.8038f,1.5f,0.1413f,-0.797f,-0.5871f,0f,0f,0f,0f,1f],start_interpolation: 0,interpolation_duration: 1}
$data merge entity $(bone_body4) {transformation: [-0.9955f,0.0952f,0f,0f,0.0951f,0.9945f,0.0436f,1.5f,0.0041f,0.0434f,-0.9991f,0f,0f,0f,0f,1f],start_interpolation: 0,interpolation_duration: 1}
$data merge entity $(bone_right_arm4) {transformation: [-1f,0f,0f,-0.3125f,0f,-0.9281f,-0.3722f,1.375f,0f,-0.3722f,0.9281f,0f,0f,0f,0f,1f],start_interpolation: 0,interpolation_duration: 1}
$data merge entity $(bone_left_arm4) {transformation: [0.9962f,-0.0809f,0.0323f,0.3125f,-0.0872f,-0.9251f,0.3697f,1.375f,0f,-0.3711f,-0.9286f,0f,0f,0f,0f,1f],start_interpolation: 0,interpolation_duration: 1}
$data merge entity $(bone_right_leg4) {transformation: [-0.9356f,0.3511f,0.037f,-0.2087f,0.3527f,0.9248f,0.1431f,0.7717f,0.016f,0.1469f,-0.989f,0f,0f,0f,0f,1f],start_interpolation: 0,interpolation_duration: 1}
$data merge entity $(bone_left_leg4) {transformation: [-0.9728f,-0.2282f,0.0402f,0.0707f,-0.2317f,0.958f,-0.1689f,0.75f,0f,-0.1736f,-0.9848f,0f,0f,0f,0f,1f],start_interpolation: 0,interpolation_duration: 1}