# This file was generated by Animated Java via MC-Build. It is not recommended to edit this file directly.
$data merge entity $(text_display_text_display3) {transformation: [0.9888f,-0.1049f,0.1057f,-0.059f,-0.0228f,0.5948f,0.8036f,1.8346f,-0.1472f,-0.797f,0.5857f,-0.4483f,0f,0f,0f,1f],start_interpolation: 0,interpolation_duration: 1}
$data merge entity $(bone_head4) {transformation: [-0.9888f,-0.1049f,-0.1057f,0f,0.0228f,0.5948f,-0.8036f,1.5f,0.1472f,-0.797f,-0.5857f,0f,0f,0f,0f,1f],start_interpolation: 0,interpolation_duration: 1}
$data merge entity $(bone_body4) {transformation: [-0.9969f,0.079f,0f,0f,0.0789f,0.9959f,0.0436f,1.5f,0.0034f,0.0434f,-0.9991f,0f,0f,0f,0f,1f],start_interpolation: 0,interpolation_duration: 1}
$data merge entity $(bone_right_arm4) {transformation: [-1f,0f,0f,-0.3125f,0f,-0.927f,-0.3751f,1.375f,0f,-0.3751f,0.927f,0f,0f,0f,0f,1f],start_interpolation: 0,interpolation_duration: 1}
$data merge entity $(bone_left_arm4) {transformation: [0.9962f,-0.0809f,0.0324f,0.3125f,-0.0872f,-0.9247f,0.3707f,1.375f,0f,-0.3721f,-0.9282f,0f,0f,0f,0f,1f],start_interpolation: 0,interpolation_duration: 1}
$data merge entity $(bone_right_leg4) {transformation: [-0.9392f,0.3413f,0.037f,-0.193f,0.343f,0.9284f,0.143f,0.7676f,0.0145f,0.147f,-0.989f,0f,0f,0f,0f,1f],start_interpolation: 0,interpolation_duration: 1}
$data merge entity $(bone_left_leg4) {transformation: [-0.9702f,-0.2388f,0.0421f,0.0777f,-0.2425f,0.9554f,-0.1685f,0.75f,0f,-0.1736f,-0.9848f,0f,0f,0f,0f,1f],start_interpolation: 0,interpolation_duration: 1}