# This file was generated by Animated Java via MC-Build. It is not recommended to edit this file directly.
$data merge entity $(text_display_text_display3) {transformation: [0.9878f,-0.1049f,0.1147f,-0.059f,-0.0301f,0.5948f,0.8033f,1.8346f,-0.1525f,-0.797f,0.5844f,-0.4483f,0f,0f,0f,1f],start_interpolation: 0,interpolation_duration: 1}
$data merge entity $(bone_head4) {transformation: [-0.9878f,-0.1049f,-0.1147f,0f,0.0301f,0.5948f,-0.8033f,1.5f,0.1525f,-0.797f,-0.5844f,0f,0f,0f,0f,1f],start_interpolation: 0,interpolation_duration: 1}
$data merge entity $(bone_body4) {transformation: [-0.9981f,0.0617f,0f,0f,0.0617f,0.9971f,0.0436f,1.5f,0.0027f,0.0435f,-0.9991f,0f,0f,0f,0f,1f],start_interpolation: 0,interpolation_duration: 1}
$data merge entity $(bone_right_arm4) {transformation: [-1f,0f,0f,-0.3125f,0f,-0.9259f,-0.3776f,1.375f,0f,-0.3776f,0.9259f,0f,0f,0f,0f,1f],start_interpolation: 0,interpolation_duration: 1}
$data merge entity $(bone_left_arm4) {transformation: [0.9962f,-0.0809f,0.0325f,0.3125f,-0.0872f,-0.9243f,0.3715f,1.375f,0f,-0.3729f,-0.9279f,0f,0f,0f,0f,1f],start_interpolation: 0,interpolation_duration: 1}
$data merge entity $(bone_right_leg4) {transformation: [-0.943f,0.3307f,0.037f,-0.1763f,0.3326f,0.9322f,0.143f,0.7633f,0.0128f,0.1472f,-0.989f,0f,0f,0f,0f,1f],start_interpolation: 0,interpolation_duration: 1}
$data merge entity $(bone_left_leg4) {transformation: [-0.9673f,-0.2499f,0.0441f,0.0855f,-0.2538f,0.9526f,-0.168f,0.75f,0f,-0.1736f,-0.9848f,0f,0f,0f,0f,1f],start_interpolation: 0,interpolation_duration: 1}