# This file was generated by Animated Java via MC-Build. It is not recommended to edit this file directly.
$data merge entity $(text_display_text_display3) {transformation: [0.9859f,-0.1049f,0.1301f,-0.059f,-0.0426f,0.5949f,0.8027f,1.8346f,-0.1616f,-0.7969f,0.582f,-0.4483f,0f,0f,0f,1f],start_interpolation: 0,interpolation_duration: 1}
$data merge entity $(bone_head4) {transformation: [-0.9859f,-0.1049f,-0.1301f,0f,0.0426f,0.5949f,-0.8027f,1.5f,0.1616f,-0.7969f,-0.582f,0f,0f,0f,0f,1f],start_interpolation: 0,interpolation_duration: 1}
$data merge entity $(bone_body4) {transformation: [-0.9999f,0.0125f,0f,0f,0.0125f,0.999f,0.0436f,1.5f,0.0005f,0.0436f,-0.999f,0f,0f,0f,0f,1f],start_interpolation: 0,interpolation_duration: 1}
$data merge entity $(bone_right_arm4) {transformation: [-1f,0f,0f,-0.3125f,0f,-0.924f,-0.3823f,1.375f,0f,-0.3823f,0.924f,0f,0f,0f,0f,1f],start_interpolation: 0,interpolation_duration: 1}
$data merge entity $(bone_left_arm4) {transformation: [0.9962f,-0.0808f,0.0326f,0.3125f,-0.0872f,-0.9237f,0.3731f,1.375f,0f,-0.3745f,-0.9272f,0f,0f,0f,0f,1f],start_interpolation: 0,interpolation_duration: 1}
$data merge entity $(bone_right_leg4) {transformation: [-0.9536f,0.2987f,0.037f,-0.1298f,0.3009f,0.9429f,0.1431f,0.7521f,0.0078f,0.1476f,-0.989f,0f,0f,0f,0f,1f],start_interpolation: 0,interpolation_duration: 1}
$data merge entity $(bone_left_leg4) {transformation: [-0.9585f,-0.2806f,0.0495f,0.1107f,-0.285f,0.944f,-0.1664f,0.75f,0f,-0.1736f,-0.9848f,0f,0f,0f,0f,1f],start_interpolation: 0,interpolation_duration: 1}