# This file was generated by Animated Java via MC-Build. It is not recommended to edit this file directly.
$data merge entity $(text_display_text_display3) {transformation: [0.9944f,-0.105f,0.0073f,-0.059f,0.0569f,0.595f,0.8017f,1.8347f,-0.0885f,-0.7969f,0.5976f,-0.4482f,0f,0f,0f,1f],start_interpolation: 0,interpolation_duration: 1}
$data merge entity $(bone_head4) {transformation: [-0.9944f,-0.105f,-0.0073f,0f,-0.0569f,0.595f,-0.8017f,1.5f,0.0885f,-0.7969f,-0.5976f,0f,0f,0f,0f,1f],start_interpolation: 0,interpolation_duration: 1}
$data merge entity $(bone_body4) {transformation: [-0.9996f,0.0276f,0f,0f,0.0275f,0.9987f,0.0436f,1.5f,0.0012f,0.0436f,-0.999f,0f,0f,0f,0f,1f],start_interpolation: 0,interpolation_duration: 1}
$data merge entity $(bone_right_arm4) {transformation: [-1f,0f,0f,-0.3125f,0f,-0.9422f,-0.3352f,1.375f,0f,-0.3352f,0.9422f,0f,0f,0f,0f,1f],start_interpolation: 0,interpolation_duration: 1}
$data merge entity $(bone_left_arm4) {transformation: [0.9962f,-0.0814f,0.0313f,0.3125f,-0.0872f,-0.9299f,0.3575f,1.375f,0f,-0.3588f,-0.9334f,0f,0f,0f,0f,1f],start_interpolation: 0,interpolation_duration: 1}
$data merge entity $(bone_right_leg4) {transformation: [-0.9504f,0.3089f,0.037f,-0.1437f,0.311f,0.9396f,0.1431f,0.7553f,0.0094f,0.1475f,-0.989f,0f,0f,0f,0f,1f],start_interpolation: 0,interpolation_duration: 1}
$data merge entity $(bone_left_leg4) {transformation: [-0.9613f,-0.2714f,0.0479f,0.1022f,-0.2756f,0.9467f,-0.1669f,0.75f,0f,-0.1736f,-0.9848f,0f,0f,0f,0f,1f],start_interpolation: 0,interpolation_duration: 1}