# This file was generated by Animated Java via MC-Build. It is not recommended to edit this file directly.
$data merge entity $(text_display_text_display3) {transformation: [0.986f,-0.1049f,0.1294f,-0.059f,-0.0421f,0.5948f,0.8028f,1.8346f,-0.1612f,-0.797f,0.5821f,-0.4483f,0f,0f,0f,1f],start_interpolation: 0,interpolation_duration: 1}
$data merge entity $(bone_head4) {transformation: [-0.986f,-0.1049f,-0.1294f,0f,0.0421f,0.5948f,-0.8028f,1.5f,0.1612f,-0.797f,-0.5821f,0f,0f,0f,0f,1f],start_interpolation: 0,interpolation_duration: 1}
$data merge entity $(bone_body4) {transformation: [-1f,0f,0f,0f,0f,0.999f,0.0436f,1.5f,0f,0.0436f,-0.999f,0f,0f,0f,0f,1f],start_interpolation: 0,interpolation_duration: 1}
$data merge entity $(bone_right_arm4) {transformation: [-1f,0f,0f,-0.3125f,0f,-0.9239f,-0.3827f,1.375f,0f,-0.3827f,0.9239f,0f,0f,0f,0f,1f],start_interpolation: 0,interpolation_duration: 1}
$data merge entity $(bone_left_arm4) {transformation: [0.9962f,-0.0808f,0.0326f,0.3125f,-0.0872f,-0.9237f,0.3732f,1.375f,0f,-0.3746f,-0.9272f,0f,0f,0f,0f,1f],start_interpolation: 0,interpolation_duration: 1}
$data merge entity $(bone_right_leg4) {transformation: [-0.9564f,0.2896f,0.037f,-0.1187f,0.2919f,0.9457f,0.1431f,0.75f,0.0064f,0.1477f,-0.989f,0f,0f,0f,0f,1f],start_interpolation: 0,interpolation_duration: 1}
$data merge entity $(bone_left_leg4) {transformation: [-0.9563f,-0.2879f,0.0508f,0.1187f,-0.2924f,0.9418f,-0.1661f,0.75f,0f,-0.1736f,-0.9848f,0f,0f,0f,0f,1f],start_interpolation: 0,interpolation_duration: 1}