# This file was generated by Animated Java via MC-Build. It is not recommended to edit this file directly.
$data merge entity $(text_display_text_display3) {transformation: [0.9863f,-0.1049f,0.1275f,-0.059f,-0.0405f,0.5948f,0.8029f,1.8346f,-0.16f,-0.797f,0.5824f,-0.4483f,0f,0f,0f,1f],start_interpolation: 0,interpolation_duration: 1}
$data merge entity $(bone_head4) {transformation: [-0.9863f,-0.1049f,-0.1275f,0f,0.0405f,0.5948f,-0.8029f,1.5f,0.16f,-0.797f,-0.5824f,0f,0f,0f,0f,1f],start_interpolation: 0,interpolation_duration: 1}
$data merge entity $(bone_body4) {transformation: [-0.9999f,-0.0113f,0f,0f,-0.0113f,0.999f,0.0436f,1.5f,-0.0005f,0.0436f,-0.999f,0f,0f,0f,0f,1f],start_interpolation: 0,interpolation_duration: 1}
$data merge entity $(bone_right_arm4) {transformation: [-1f,0f,0f,-0.3125f,0f,-0.924f,-0.3823f,1.375f,0f,-0.3823f,0.924f,0f,0f,0f,0f,1f],start_interpolation: 0,interpolation_duration: 1}
$data merge entity $(bone_left_arm4) {transformation: [0.9962f,-0.0808f,0.0326f,0.3125f,-0.0872f,-0.9237f,0.3731f,1.375f,0f,-0.3745f,-0.9272f,0f,0f,0f,0f,1f],start_interpolation: 0,interpolation_duration: 1}
$data merge entity $(bone_right_leg4) {transformation: [-0.9591f,0.2805f,0.037f,-0.1094f,0.2829f,0.9484f,0.1431f,0.7487f,0.005f,0.1477f,-0.989f,0f,0f,0f,0f,1f],start_interpolation: 0,interpolation_duration: 1}
$data merge entity $(bone_left_leg4) {transformation: [-0.9544f,-0.2941f,0.0519f,0.1277f,-0.2986f,0.9399f,-0.1657f,0.75f,0f,-0.1736f,-0.9848f,0f,0f,0f,0f,1f],start_interpolation: 0,interpolation_duration: 1}