# This file was generated by Animated Java via MC-Build. It is not recommended to edit this file directly.
$data merge entity $(text_display_text_display3) {transformation: [0.9893f,-0.1048f,0.1017f,-0.0589f,-0.0197f,0.5942f,0.804f,1.8343f,-0.1447f,-0.7974f,0.5858f,-0.4486f,0f,0f,0f,1f],start_interpolation: 0,interpolation_duration: 1}
$data merge entity $(bone_head4) {transformation: [-0.9893f,-0.1048f,-0.1017f,0f,0.0197f,0.5942f,-0.804f,1.5f,0.1447f,-0.7974f,-0.5858f,0f,0f,0f,0f,1f],start_interpolation: 0,interpolation_duration: 1}
$data merge entity $(bone_body4) {transformation: [-0.9978f,-0.067f,0f,0f,-0.0669f,0.9968f,0.0436f,1.5f,-0.0029f,0.0435f,-0.999f,0f,0f,0f,0f,1f],start_interpolation: 0,interpolation_duration: 1}
$data merge entity $(bone_right_arm4) {transformation: [-1f,0f,0f,-0.3125f,0f,-0.9281f,-0.3722f,1.375f,0f,-0.3722f,0.9281f,0f,0f,0f,0f,1f],start_interpolation: 0,interpolation_duration: 1}
$data merge entity $(bone_left_arm4) {transformation: [0.9962f,-0.0809f,0.0323f,0.3125f,-0.0872f,-0.9251f,0.3697f,1.375f,0f,-0.3711f,-0.9286f,0f,0f,0f,0f,1f],start_interpolation: 0,interpolation_duration: 1}
$data merge entity $(bone_right_leg4) {transformation: [-0.9732f,0.227f,0.037f,-0.0692f,0.2299f,0.9626f,0.1431f,0.7485f,-0.0031f,0.1477f,-0.989f,0f,0f,0f,0f,1f],start_interpolation: 0,interpolation_duration: 1}
$data merge entity $(bone_left_leg4) {transformation: [-0.9456f,-0.3203f,0.0565f,0.187f,-0.3252f,0.9313f,-0.1642f,0.75f,0f,-0.1736f,-0.9848f,0f,0f,0f,0f,1f],start_interpolation: 0,interpolation_duration: 1}