# This file was generated by Animated Java via MC-Build. It is not recommended to edit this file directly.
$data merge entity $(text_display_text_display3) {transformation: [0.99f,-0.1048f,0.0943f,-0.0589f,-0.0138f,0.5941f,0.8042f,1.8342f,-0.1403f,-0.7975f,0.5868f,-0.4486f,0f,0f,0f,1f],start_interpolation: 0,interpolation_duration: 1}
$data merge entity $(bone_head4) {transformation: [-0.99f,-0.1048f,-0.0943f,0f,0.0138f,0.5941f,-0.8042f,1.5f,0.1403f,-0.7975f,-0.5868f,0f,0f,0f,0f,1f],start_interpolation: 0,interpolation_duration: 1}
$data merge entity $(bone_body4) {transformation: [-0.9972f,-0.0752f,0f,0f,-0.0751f,0.9962f,0.0436f,1.5f,-0.0033f,0.0435f,-0.999f,0f,0f,0f,0f,1f],start_interpolation: 0,interpolation_duration: 1}
$data merge entity $(bone_right_arm4) {transformation: [-1f,0f,0f,-0.3125f,0f,-0.9294f,-0.369f,1.375f,0f,-0.369f,0.9294f,0f,0f,0f,0f,1f],start_interpolation: 0,interpolation_duration: 1}
$data merge entity $(bone_left_arm4) {transformation: [0.9962f,-0.081f,0.0323f,0.3125f,-0.0872f,-0.9255f,0.3686f,1.375f,0f,-0.37f,-0.929f,0f,0f,0f,0f,1f],start_interpolation: 0,interpolation_duration: 1}
$data merge entity $(bone_right_leg4) {transformation: [-0.9752f,0.2182f,0.037f,-0.0638f,0.2213f,0.9647f,0.1431f,0.749f,-0.0045f,0.1477f,-0.989f,0f,0f,0f,0f,1f],start_interpolation: 0,interpolation_duration: 1}
$data merge entity $(bone_left_leg4) {transformation: [-0.9444f,-0.3238f,0.0571f,0.1972f,-0.3288f,0.9301f,-0.164f,0.75f,0f,-0.1736f,-0.9848f,0f,0f,0f,0f,1f],start_interpolation: 0,interpolation_duration: 1}