# This file was generated by Animated Java via MC-Build. It is not recommended to edit this file directly.
$data merge entity $(text_display_text_display3) {transformation: [0.9907f,-0.1047f,0.0865f,-0.0589f,-0.0074f,0.5941f,0.8044f,1.8342f,-0.1356f,-0.7976f,0.5878f,-0.4486f,0f,0f,0f,1f],start_interpolation: 0,interpolation_duration: 1}
$data merge entity $(bone_head4) {transformation: [-0.9907f,-0.1047f,-0.0865f,0f,0.0074f,0.5941f,-0.8044f,1.5f,0.1356f,-0.7976f,-0.5878f,0f,0f,0f,0f,1f],start_interpolation: 0,interpolation_duration: 1}
$data merge entity $(bone_body4) {transformation: [-0.9967f,-0.0816f,0f,0f,-0.0815f,0.9957f,0.0436f,1.5f,-0.0036f,0.0435f,-0.999f,0f,0f,0f,0f,1f],start_interpolation: 0,interpolation_duration: 1}
$data merge entity $(bone_right_arm4) {transformation: [-1f,0f,0f,-0.3125f,0f,-0.9308f,-0.3656f,1.375f,0f,-0.3656f,0.9308f,0f,0f,0f,0f,1f],start_interpolation: 0,interpolation_duration: 1}
$data merge entity $(bone_left_arm4) {transformation: [0.9962f,-0.081f,0.0322f,0.3125f,-0.0872f,-0.9259f,0.3675f,1.375f,0f,-0.3689f,-0.9295f,0f,0f,0f,0f,1f],start_interpolation: 0,interpolation_duration: 1}
$data merge entity $(bone_right_leg4) {transformation: [-0.9767f,0.2113f,0.037f,-0.0597f,0.2145f,0.9662f,0.1431f,0.7495f,-0.0055f,0.1477f,-0.989f,0f,0f,0f,0f,1f],start_interpolation: 0,interpolation_duration: 1}
$data merge entity $(bone_left_leg4) {transformation: [-0.9435f,-0.3265f,0.0576f,0.2052f,-0.3315f,0.9291f,-0.1638f,0.75f,0f,-0.1736f,-0.9848f,0f,0f,0f,0f,1f],start_interpolation: 0,interpolation_duration: 1}