# This file was generated by Animated Java via MC-Build. It is not recommended to edit this file directly.
$data merge entity $(text_display_text_display3) {transformation: [0.9944f,-0.105f,0.0106f,-0.059f,0.0543f,0.595f,0.8019f,1.8347f,-0.0905f,-0.7969f,0.5973f,-0.4482f,0f,0f,0f,1f],start_interpolation: 0,interpolation_duration: 1}
$data merge entity $(bone_head4) {transformation: [-0.9944f,-0.105f,-0.0106f,0f,-0.0543f,0.595f,-0.8019f,1.5f,0.0905f,-0.7969f,-0.5973f,0f,0f,0f,0f,1f],start_interpolation: 0,interpolation_duration: 1}
$data merge entity $(bone_body4) {transformation: [-0.999f,0.0443f,0f,0f,0.0443f,0.9981f,0.0436f,1.5f,0.0019f,0.0435f,-0.9991f,0f,0f,0f,0f,1f],start_interpolation: 0,interpolation_duration: 1}
$data merge entity $(bone_right_arm4) {transformation: [-1f,0f,0f,-0.3125f,0f,-0.9416f,-0.3368f,1.375f,0f,-0.3368f,0.9416f,0f,0f,0f,0f,1f],start_interpolation: 0,interpolation_duration: 1}
$data merge entity $(bone_left_arm4) {transformation: [0.9962f,-0.0813f,0.0313f,0.3125f,-0.0872f,-0.9296f,0.358f,1.375f,0f,-0.3594f,-0.9332f,0f,0f,0f,0f,1f],start_interpolation: 0,interpolation_duration: 1}
$data merge entity $(bone_right_leg4) {transformation: [-0.9468f,0.3198f,0.037f,-0.1595f,0.3217f,0.936f,0.1431f,0.759f,0.0111f,0.1473f,-0.989f,0f,0f,0f,0f,1f],start_interpolation: 0,interpolation_duration: 1}
$data merge entity $(bone_left_leg4) {transformation: [-0.9642f,-0.261f,0.046f,0.0938f,-0.265f,0.9496f,-0.1674f,0.75f,0f,-0.1736f,-0.9848f,0f,0f,0f,0f,1f],start_interpolation: 0,interpolation_duration: 1}