# This file was generated by Animated Java via MC-Build. It is not recommended to edit this file directly.
$data merge entity $(text_display_text_display3) {transformation: [0.992f,-0.1047f,0.0701f,-0.0589f,0.0059f,0.594f,0.8044f,1.8341f,-0.1258f,-0.7976f,0.5899f,-0.4487f,0f,0f,0f,1f],start_interpolation: 0,interpolation_duration: 1}
$data merge entity $(bone_head4) {transformation: [-0.992f,-0.1047f,-0.0701f,0f,-0.0059f,0.594f,-0.8044f,1.5f,0.1258f,-0.7976f,-0.5899f,0f,0f,0f,0f,1f],start_interpolation: 0,interpolation_duration: 1}
$data merge entity $(bone_body4) {transformation: [-0.9962f,-0.0872f,0f,0f,-0.0871f,0.9952f,0.0436f,1.5f,-0.0038f,0.0435f,-0.999f,0f,0f,0f,0f,1f],start_interpolation: 0,interpolation_duration: 1}
$data merge entity $(bone_right_arm4) {transformation: [-1f,0f,0f,-0.3125f,0f,-0.9336f,-0.3584f,1.375f,0f,-0.3584f,0.9336f,0f,0f,0f,0f,1f],start_interpolation: 0,interpolation_duration: 1}
$data merge entity $(bone_left_arm4) {transformation: [0.9962f,-0.0811f,0.0319f,0.3125f,-0.0872f,-0.9269f,0.3651f,1.375f,0f,-0.3665f,-0.9304f,0f,0f,0f,0f,1f],start_interpolation: 0,interpolation_duration: 1}
$data merge entity $(bone_right_leg4) {transformation: [-0.978f,0.2052f,0.037f,-0.0562f,0.2084f,0.9675f,0.1431f,0.75f,-0.0064f,0.1477f,-0.989f,0f,0f,0f,0f,1f],start_interpolation: 0,interpolation_duration: 1}
$data merge entity $(bone_left_leg4) {transformation: [-0.9426f,-0.3287f,0.058f,0.2125f,-0.3338f,0.9283f,-0.1637f,0.75f,0f,-0.1736f,-0.9848f,0f,0f,0f,0f,1f],start_interpolation: 0,interpolation_duration: 1}