# This file was generated by Animated Java via MC-Build. It is not recommended to edit this file directly.
$data merge entity $(text_display_text_display3) {transformation: [0.9926f,-0.1047f,0.0617f,-0.0589f,0.0126f,0.594f,0.8043f,1.8341f,-0.1209f,-0.7976f,0.5909f,-0.4486f,0f,0f,0f,1f],start_interpolation: 0,interpolation_duration: 1}
$data merge entity $(bone_head4) {transformation: [-0.9926f,-0.1047f,-0.0617f,0f,-0.0126f,0.594f,-0.8043f,1.5f,0.1209f,-0.7976f,-0.5909f,0f,0f,0f,0f,1f],start_interpolation: 0,interpolation_duration: 1}
$data merge entity $(bone_body4) {transformation: [-0.9963f,-0.0857f,0f,0f,-0.0856f,0.9954f,0.0436f,1.5f,-0.0037f,0.0435f,-0.999f,0f,0f,0f,0f,1f],start_interpolation: 0,interpolation_duration: 1}
$data merge entity $(bone_right_arm4) {transformation: [-1f,0f,0f,-0.3125f,0f,-0.935f,-0.3547f,1.375f,0f,-0.3547f,0.935f,0f,0f,0f,0f,1f],start_interpolation: 0,interpolation_duration: 1}
$data merge entity $(bone_left_arm4) {transformation: [0.9962f,-0.0811f,0.0318f,0.3125f,-0.0872f,-0.9274f,0.3639f,1.375f,0f,-0.3653f,-0.9309f,0f,0f,0f,0f,1f],start_interpolation: 0,interpolation_duration: 1}
$data merge entity $(bone_right_leg4) {transformation: [-0.9777f,0.2068f,0.037f,-0.0572f,0.21f,0.9672f,0.1431f,0.7499f,-0.0062f,0.1477f,-0.989f,0f,0f,0f,0f,1f],start_interpolation: 0,interpolation_duration: 1}
$data merge entity $(bone_left_leg4) {transformation: [-0.9429f,-0.3281f,0.0579f,0.2106f,-0.3332f,0.9285f,-0.1637f,0.75f,0f,-0.1736f,-0.9848f,0f,0f,0f,0f,1f],start_interpolation: 0,interpolation_duration: 1}