# This file was generated by Animated Java via MC-Build. It is not recommended to edit this file directly.
$data merge entity $(text_display_text_display3) {transformation: [0.994f,-0.1048f,0.0309f,-0.0589f,0.0377f,0.5943f,0.8033f,1.8343f,-0.1025f,-0.7974f,0.5947f,-0.4485f,0f,0f,0f,1f],start_interpolation: 0,interpolation_duration: 1}
$data merge entity $(bone_head4) {transformation: [-0.994f,-0.1048f,-0.0309f,0f,-0.0377f,0.5943f,-0.8033f,1.5f,0.1025f,-0.7974f,-0.5947f,0f,0f,0f,0f,1f],start_interpolation: 0,interpolation_duration: 1}
$data merge entity $(bone_body4) {transformation: [-0.9984f,-0.0572f,0f,0f,-0.0572f,0.9974f,0.0436f,1.5f,-0.0025f,0.0435f,-0.999f,0f,0f,0f,0f,1f],start_interpolation: 0,interpolation_duration: 1}
$data merge entity $(bone_right_arm4) {transformation: [-1f,0f,0f,-0.3125f,0f,-0.9399f,-0.3415f,1.375f,0f,-0.3415f,0.9399f,0f,0f,0f,0f,1f],start_interpolation: 0,interpolation_duration: 1}
$data merge entity $(bone_left_arm4) {transformation: [0.9962f,-0.0813f,0.0315f,0.3125f,-0.0872f,-0.9291f,0.3595f,1.375f,0f,-0.3609f,-0.9326f,0f,0f,0f,0f,1f],start_interpolation: 0,interpolation_duration: 1}
$data merge entity $(bone_right_leg4) {transformation: [-0.9708f,0.2371f,0.037f,-0.0758f,0.2399f,0.9602f,0.143f,0.748f,-0.0016f,0.1477f,-0.989f,0f,0f,0f,0f,1f],start_interpolation: 0,interpolation_duration: 1}
$data merge entity $(bone_left_leg4) {transformation: [-0.9471f,-0.316f,0.0557f,0.1754f,-0.3209f,0.9327f,-0.1645f,0.75f,0f,-0.1736f,-0.9848f,0f,0f,0f,0f,1f],start_interpolation: 0,interpolation_duration: 1}