# This file was generated by Animated Java via MC-Build. It is not recommended to edit this file directly.
$data merge entity $(text_display_text_display3) {transformation: [0.9942f,-0.1048f,0.0245f,-0.059f,0.0429f,0.5944f,0.803f,1.8344f,-0.0987f,-0.7973f,0.5955f,-0.4485f,0f,0f,0f,1f],start_interpolation: 0,interpolation_duration: 1}
$data merge entity $(bone_head4) {transformation: [-0.9942f,-0.1048f,-0.0245f,0f,-0.0429f,0.5944f,-0.803f,1.5f,0.0987f,-0.7973f,-0.5955f,0f,0f,0f,0f,1f],start_interpolation: 0,interpolation_duration: 1}
$data merge entity $(bone_body4) {transformation: [-0.9989f,-0.0464f,0f,0f,-0.0464f,0.998f,0.0436f,1.5f,-0.002f,0.0436f,-0.999f,0f,0f,0f,0f,1f],start_interpolation: 0,interpolation_duration: 1}
$data merge entity $(bone_right_arm4) {transformation: [-1f,0f,0f,-0.3125f,0f,-0.9408f,-0.3389f,1.375f,0f,-0.3389f,0.9408f,0f,0f,0f,0f,1f],start_interpolation: 0,interpolation_duration: 1}
$data merge entity $(bone_left_arm4) {transformation: [0.9962f,-0.0813f,0.0314f,0.3125f,-0.0872f,-0.9294f,0.3587f,1.375f,0f,-0.3601f,-0.9329f,0f,0f,0f,0f,1f],start_interpolation: 0,interpolation_duration: 1}
$data merge entity $(bone_right_leg4) {transformation: [-0.9681f,0.248f,0.037f,-0.0833f,0.2507f,0.9574f,0.143f,0.7478f,0.0001f,0.1478f,-0.989f,0f,0f,0f,0f,1f],start_interpolation: 0,interpolation_duration: 1}
$data merge entity $(bone_left_leg4) {transformation: [-0.9488f,-0.3112f,0.0549f,0.163f,-0.316f,0.9344f,-0.1648f,0.75f,0f,-0.1736f,-0.9848f,0f,0f,0f,0f,1f],start_interpolation: 0,interpolation_duration: 1}