# This file was generated by Animated Java via MC-Build. It is not recommended to edit this file directly.
$data merge entity $(text_display_text_display3) {transformation: [0.9943f,-0.1048f,0.0189f,-0.059f,0.0474f,0.5946f,0.8027f,1.8344f,-0.0954f,-0.7972f,0.5961f,-0.4484f,0f,0f,0f,1f],start_interpolation: 0,interpolation_duration: 1}
$data merge entity $(bone_head4) {transformation: [-0.9943f,-0.1048f,-0.0189f,0f,-0.0474f,0.5946f,-0.8027f,1.5f,0.0954f,-0.7972f,-0.5961f,0f,0f,0f,0f,1f],start_interpolation: 0,interpolation_duration: 1}
$data merge entity $(bone_body4) {transformation: [-0.9994f,-0.0349f,0f,0f,-0.0348f,0.9984f,0.0436f,1.5f,-0.0015f,0.0436f,-0.999f,0f,0f,0f,0f,1f],start_interpolation: 0,interpolation_duration: 1}
$data merge entity $(bone_right_arm4) {transformation: [-1f,0f,0f,-0.3125f,0f,-0.9416f,-0.3368f,1.375f,0f,-0.3368f,0.9416f,0f,0f,0f,0f,1f],start_interpolation: 0,interpolation_duration: 1}
$data merge entity $(bone_left_arm4) {transformation: [0.9962f,-0.0813f,0.0313f,0.3125f,-0.0872f,-0.9296f,0.358f,1.375f,0f,-0.3594f,-0.9332f,0f,0f,0f,0f,1f],start_interpolation: 0,interpolation_duration: 1}
$data merge entity $(bone_right_leg4) {transformation: [-0.9651f,0.2592f,0.037f,-0.0915f,0.2618f,0.9545f,0.1431f,0.7477f,0.0018f,0.1478f,-0.989f,0f,0f,0f,0f,1f],start_interpolation: 0,interpolation_duration: 1}
$data merge entity $(bone_left_leg4) {transformation: [-0.9506f,-0.3058f,0.0539f,0.1505f,-0.3105f,0.9361f,-0.1651f,0.75f,0f,-0.1736f,-0.9848f,0f,0f,0f,0f,1f],start_interpolation: 0,interpolation_duration: 1}