# This file was generated by Animated Java via MC-Build. It is not recommended to edit this file directly.
$data merge entity $(text_display_text_display3) {transformation: [0.9944f,-0.1049f,0.0143f,-0.059f,0.0512f,0.5947f,0.8023f,1.8345f,-0.0926f,-0.7971f,0.5967f,-0.4484f,0f,0f,0f,1f],start_interpolation: 0,interpolation_duration: 1}
$data merge entity $(bone_head4) {transformation: [-0.9944f,-0.1049f,-0.0143f,0f,-0.0512f,0.5947f,-0.8023f,1.5f,0.0926f,-0.7971f,-0.5967f,0f,0f,0f,0f,1f],start_interpolation: 0,interpolation_duration: 1}
$data merge entity $(bone_body4) {transformation: [-0.9997f,-0.023f,0f,0f,-0.023f,0.9988f,0.0436f,1.5f,-0.001f,0.0436f,-0.999f,0f,0f,0f,0f,1f],start_interpolation: 0,interpolation_duration: 1}
$data merge entity $(bone_right_arm4) {transformation: [-1f,0f,0f,-0.3125f,0f,-0.9422f,-0.3352f,1.375f,0f,-0.3352f,0.9422f,0f,0f,0f,0f,1f],start_interpolation: 0,interpolation_duration: 1}
$data merge entity $(bone_left_arm4) {transformation: [0.9962f,-0.0814f,0.0313f,0.3125f,-0.0872f,-0.9299f,0.3575f,1.375f,0f,-0.3588f,-0.9334f,0f,0f,0f,0f,1f],start_interpolation: 0,interpolation_duration: 1}
$data merge entity $(bone_right_leg4) {transformation: [-0.9621f,0.2702f,0.037f,-0.1002f,0.2727f,0.9514f,0.1431f,0.748f,0.0035f,0.1477f,-0.989f,0f,0f,0f,0f,1f],start_interpolation: 0,interpolation_duration: 1}
$data merge entity $(bone_left_leg4) {transformation: [-0.9524f,-0.3001f,0.0529f,0.1385f,-0.3047f,0.938f,-0.1654f,0.75f,0f,-0.1736f,-0.9848f,0f,0f,0f,0f,1f],start_interpolation: 0,interpolation_duration: 1}