# This file was generated by Animated Java via MC-Build. It is not recommended to edit this file directly.
$data merge entity $(text_display_text_display3) {transformation: [0.9944f,-0.1049f,0.0107f,-0.059f,0.0541f,0.5948f,0.8021f,1.8345f,-0.0905f,-0.797f,0.5971f,-0.4483f,0f,0f,0f,1f],start_interpolation: 0,interpolation_duration: 1}
$data merge entity $(bone_head4) {transformation: [-0.9944f,-0.1049f,-0.0107f,0f,-0.0541f,0.5948f,-0.8021f,1.5f,0.0905f,-0.797f,-0.5971f,0f,0f,0f,0f,1f],start_interpolation: 0,interpolation_duration: 1}
$data merge entity $(bone_body4) {transformation: [-0.9999f,-0.0113f,0f,0f,-0.0113f,0.999f,0.0436f,1.5f,-0.0005f,0.0436f,-0.999f,0f,0f,0f,0f,1f],start_interpolation: 0,interpolation_duration: 1}
$data merge entity $(bone_right_arm4) {transformation: [-1f,0f,0f,-0.3125f,0f,-0.9425f,-0.3342f,1.375f,0f,-0.3342f,0.9425f,0f,0f,0f,0f,1f],start_interpolation: 0,interpolation_duration: 1}
$data merge entity $(bone_left_arm4) {transformation: [0.9962f,-0.0814f,0.0312f,0.3125f,-0.0872f,-0.93f,0.3571f,1.375f,0f,-0.3585f,-0.9335f,0f,0f,0f,0f,1f],start_interpolation: 0,interpolation_duration: 1}
$data merge entity $(bone_right_leg4) {transformation: [-0.9591f,0.2805f,0.037f,-0.1094f,0.2829f,0.9484f,0.1431f,0.7487f,0.005f,0.1477f,-0.989f,0f,0f,0f,0f,1f],start_interpolation: 0,interpolation_duration: 1}
$data merge entity $(bone_left_leg4) {transformation: [-0.9544f,-0.2941f,0.0519f,0.1277f,-0.2986f,0.9399f,-0.1657f,0.75f,0f,-0.1736f,-0.9848f,0f,0f,0f,0f,1f],start_interpolation: 0,interpolation_duration: 1}