# This file was generated by Animated Java via MC-Build. It is not recommended to edit this file directly.
$data merge entity $(text_display_text_display3) {transformation: [0.9944f,-0.1049f,0.0083f,-0.059f,0.0561f,0.5948f,0.8019f,1.8346f,-0.0891f,-0.797f,0.5974f,-0.4483f,0f,0f,0f,1f],start_interpolation: 0,interpolation_duration: 1}
$data merge entity $(bone_head4) {transformation: [-0.9944f,-0.1049f,-0.0083f,0f,-0.0561f,0.5948f,-0.8019f,1.5f,0.0891f,-0.797f,-0.5974f,0f,0f,0f,0f,1f],start_interpolation: 0,interpolation_duration: 1}
$data merge entity $(bone_body4) {transformation: [-1f,0f,0f,0f,0f,0.999f,0.0436f,1.5f,0f,0.0436f,-0.999f,0f,0f,0f,0f,1f],start_interpolation: 0,interpolation_duration: 1}
$data merge entity $(bone_right_arm4) {transformation: [-1f,0f,0f,-0.3125f,0f,-0.9426f,-0.3338f,1.375f,0f,-0.3338f,0.9426f,0f,0f,0f,0f,1f],start_interpolation: 0,interpolation_duration: 1}
$data merge entity $(bone_left_arm4) {transformation: [0.9962f,-0.0814f,0.0312f,0.3125f,-0.0872f,-0.93f,0.357f,1.375f,0f,-0.3584f,-0.9336f,0f,0f,0f,0f,1f],start_interpolation: 0,interpolation_duration: 1}
$data merge entity $(bone_right_leg4) {transformation: [-0.9564f,0.2896f,0.037f,-0.1187f,0.2919f,0.9457f,0.1431f,0.75f,0.0064f,0.1477f,-0.989f,0f,0f,0f,0f,1f],start_interpolation: 0,interpolation_duration: 1}
$data merge entity $(bone_left_leg4) {transformation: [-0.9563f,-0.2879f,0.0508f,0.1187f,-0.2924f,0.9418f,-0.1661f,0.75f,0f,-0.1736f,-0.9848f,0f,0f,0f,0f,1f],start_interpolation: 0,interpolation_duration: 1}