# This file was generated by Animated Java via MC-Build. It is not recommended to edit this file directly.
$data merge entity $(text_display_text_display3) {transformation: [0.9942f,-0.105f,0.0224f,-0.059f,0.0447f,0.5949f,0.8025f,1.8346f,-0.0976f,-0.7969f,0.5962f,-0.4483f,0f,0f,0f,1f],start_interpolation: 0,interpolation_duration: 1}
$data merge entity $(bone_head4) {transformation: [-0.9942f,-0.105f,-0.0224f,0f,-0.0447f,0.5949f,-0.8025f,1.5f,0.0976f,-0.7969f,-0.5962f,0f,0f,0f,0f,1f],start_interpolation: 0,interpolation_duration: 1}
$data merge entity $(bone_body4) {transformation: [-0.9969f,0.079f,0f,0f,0.0789f,0.9959f,0.0436f,1.5f,0.0034f,0.0434f,-0.9991f,0f,0f,0f,0f,1f],start_interpolation: 0,interpolation_duration: 1}
$data merge entity $(bone_right_arm4) {transformation: [-1f,0f,0f,-0.3125f,0f,-0.9399f,-0.3415f,1.375f,0f,-0.3415f,0.9399f,0f,0f,0f,0f,1f],start_interpolation: 0,interpolation_duration: 1}
$data merge entity $(bone_left_arm4) {transformation: [0.9962f,-0.0813f,0.0315f,0.3125f,-0.0872f,-0.9291f,0.3595f,1.375f,0f,-0.3609f,-0.9326f,0f,0f,0f,0f,1f],start_interpolation: 0,interpolation_duration: 1}
$data merge entity $(bone_right_leg4) {transformation: [-0.9392f,0.3413f,0.037f,-0.193f,0.343f,0.9284f,0.143f,0.7676f,0.0145f,0.147f,-0.989f,0f,0f,0f,0f,1f],start_interpolation: 0,interpolation_duration: 1}
$data merge entity $(bone_left_leg4) {transformation: [-0.9702f,-0.2388f,0.0421f,0.0777f,-0.2425f,0.9554f,-0.1685f,0.75f,0f,-0.1736f,-0.9848f,0f,0f,0f,0f,1f],start_interpolation: 0,interpolation_duration: 1}