# This file was generated by Animated Java via MC-Build. It is not recommended to edit this file directly.
$data merge entity $(text_display_text_display3) {transformation: [0.9934f,-0.1049f,0.046f,-0.059f,0.0256f,0.5948f,0.8034f,1.8346f,-0.1117f,-0.797f,0.5936f,-0.4483f,0f,0f,0f,1f],start_interpolation: 0,interpolation_duration: 1}
$data merge entity $(bone_head4) {transformation: [-0.9934f,-0.1049f,-0.046f,0f,-0.0256f,0.5948f,-0.8034f,1.5f,0.1117f,-0.797f,-0.5936f,0f,0f,0f,0f,1f],start_interpolation: 0,interpolation_duration: 1}
$data merge entity $(bone_body4) {transformation: [-0.9927f,0.1205f,0f,0f,0.1204f,0.9918f,0.0436f,1.5f,0.0053f,0.0433f,-0.999f,0f,0f,0f,0f,1f],start_interpolation: 0,interpolation_duration: 1}
$data merge entity $(bone_right_arm4) {transformation: [-1f,0f,0f,-0.3125f,0f,-0.9363f,-0.3511f,1.375f,0f,-0.3511f,0.9363f,0f,0f,0f,0f,1f],start_interpolation: 0,interpolation_duration: 1}
$data merge entity $(bone_left_arm4) {transformation: [0.9962f,-0.0812f,0.0317f,0.3125f,-0.0872f,-0.9278f,0.3627f,1.375f,0f,-0.3641f,-0.9314f,0f,0f,0f,0f,1f],start_interpolation: 0,interpolation_duration: 1}
$data merge entity $(bone_right_leg4) {transformation: [-0.9299f,0.366f,0.037f,-0.2337f,0.3675f,0.919f,0.1431f,0.7785f,0.0184f,0.1466f,-0.989f,0f,0f,0f,0f,1f],start_interpolation: 0,interpolation_duration: 1}
$data merge entity $(bone_left_leg4) {transformation: [-0.9767f,-0.2115f,0.0373f,0.0602f,-0.2147f,0.9618f,-0.1696f,0.75f,0f,-0.1736f,-0.9848f,0f,0f,0f,0f,1f],start_interpolation: 0,interpolation_duration: 1}