# This file was generated by Animated Java via MC-Build. It is not recommended to edit this file directly.
$data merge entity $(text_display_text_display3) {transformation: [0.993f,-0.1049f,0.0536f,-0.059f,0.0194f,0.5948f,0.8036f,1.8346f,-0.1162f,-0.797f,0.5927f,-0.4483f,0f,0f,0f,1f],start_interpolation: 0,interpolation_duration: 1}
$data merge entity $(bone_head4) {transformation: [-0.993f,-0.1049f,-0.0536f,0f,-0.0194f,0.5948f,-0.8036f,1.5f,0.1162f,-0.797f,-0.5927f,0f,0f,0f,0f,1f],start_interpolation: 0,interpolation_duration: 1}
$data merge entity $(bone_body4) {transformation: [-0.9918f,0.1279f,0f,0f,0.1277f,0.9908f,0.0436f,1.5f,0.0056f,0.0433f,-0.999f,0f,0f,0f,0f,1f],start_interpolation: 0,interpolation_duration: 1}
$data merge entity $(bone_right_arm4) {transformation: [-1f,0f,0f,-0.3125f,0f,-0.935f,-0.3547f,1.375f,0f,-0.3547f,0.935f,0f,0f,0f,0f,1f],start_interpolation: 0,interpolation_duration: 1}
$data merge entity $(bone_left_arm4) {transformation: [0.9962f,-0.0811f,0.0318f,0.3125f,-0.0872f,-0.9274f,0.3639f,1.375f,0f,-0.3653f,-0.9309f,0f,0f,0f,0f,1f],start_interpolation: 0,interpolation_duration: 1}
$data merge entity $(bone_right_leg4) {transformation: [-0.9282f,0.3703f,0.037f,-0.2411f,0.3717f,0.9173f,0.1431f,0.7805f,0.019f,0.1466f,-0.989f,0f,0f,0f,0f,1f],start_interpolation: 0,interpolation_duration: 1}
$data merge entity $(bone_left_leg4) {transformation: [-0.9778f,-0.2065f,0.0364f,0.0573f,-0.2097f,0.9629f,-0.1698f,0.75f,0f,-0.1736f,-0.9848f,0f,0f,0f,0f,1f],start_interpolation: 0,interpolation_duration: 1}